//DUMPED
/*8699 3153 3422 0 1 false
47 3154 3413 0 0 true
2648 3159 3434 0 1 true
2869 3162 3433 0 1 true
3265 3126 3431 0 1 true
3264 3121 3423 0 1 true
3329 3113 3413 0 1 true
328 3110 3432 0 1 true
328 3104 3424 0 1 true
3257 3099 3428 0 0 true
1168 3098 3422 0 0 true
3263 3056 3368 0 1 true
3266 3056 3368 0 1 true
3261 3091 3424 0 1 true
4376 3084 3425 0 0 true
2646 3083 3417 0 1 true
3255 3056 3368 0 1 true
2866 3082 3417 0 1 true
3250 3082 3433 0 0 true
2864 3081 3414 0 1 true
3251 3079 3417 0 0 true
2872 3079 3414 0 1 true
538 3077 3429 0 0 true
3262 3076 3423 0 1 true
3262 3076 3423 0 0 true
3258 3090 3435 0 1 true
3288 3056 3368 0 1 true
3247 3075 3408 0 0 true
3252 3074 3425 0 1 true
3256 3092 3405 0 1 true
3283 3056 3368 0 1 true
3288 3075 3434 0 1 true
3258 3089 3438 0 1 true
1 3056 3368 0 1 true
3253 3074 3442 0 1 true
1 3056 3368 0 1 true
2876 3078 3444 0 1 true
3246 3081 3444 0 1 true
3260 3079 3446 0 1 true
1 3056 3368 0 1 true
7153 3056 3368 0 1 true
7155 3056 3368 0 1 true
7152 3056 3368 0 1 true
1 3056 3368 0 1 true
7143 3084 3455 0 1 true
4404 1872 5242 0 179 true
4415 1874 5230 0 0 true
4415 1870 5232 0 179 true
4413 1875 5240 0 198 true
4409 1864 5226 0 270 true
4415 1858 5235 0 89 true
4404 1873 5230 0 89 true
4415 1871 5241 0 0 true
4415 1860 5223 0 0 true
4404 1870 5235 0 270 true
4408 1859 5222 0 0 true
4415 1862 5222 0 134 true
4404 1873 5238 0 270 true
4409 1861 5224 0 270 true
4409 1859 5220 0 89 true
4415 1874 5234 0 0 true
4415 1874 5230 0 0 true
4415 1875 5219 0 179 true
4404 1874 5218 0 89 true
4404 1872 5217 0 179 true
4404 1875 5217 0 270 true
4408 1860 5215 0 270 true
4404 1876 5216 0 89 true
4415 1876 5215 0 44 true
4415 1876 5220 0 134 true
4404 1873 5212 0 89 true
4415 1859 5206 0 270 true
4404 1877 5218 0 179 true
4407 1859 5203 0 270 true
4415 1877 5216 0 44 true
4415 1862 5201 0 0 true
4415 1858 5201 0 179 true
4415 1874 5201 0 0 true
4404 1877 5216 0 179 true
4409 1863 5201 0 0 true
4407 1860 5226 0 270 true
4415 1858 5202 0 89 true
4407 1859 5200 0 224 true
4408 1860 5199 0 270 true
4415 1860 5200 0 179 true
4408 1864 5218 0 270 true
4415 1875 5197 0 179 true
4415 1875 5201 0 134 true
4407 1860 5222 0 270 true
4415 1861 5194 0 44 true
4415 1861 5224 0 270 true
4404 1875 5218 0 270 true
4409 1861 5224 0 270 true
4415 1808 5152 0 270 true
4404 1808 5152 0 270 true
4404 1871 5191 0 134 true
4411 1875 5199 0 134 true
4415 1860 5192 0 89 true
4415 1874 5188 0 270 true
4415 1867 5188 0 0 true
4404 1868 5188 0 0 true
4415 1866 5189 0 179 true
4404 1861 5189 0 179 true
4415 1876 5189 0 134 true
4415 1876 5196 0 224 true
4415 1876 5188 0 179 true
4415 1876 5191 0 179 true
4415 1877 5191 0 89 true
4415 1877 5197 0 224 true
4415 1881 5198 0 0 true
4412 1880 5200 0 179 true
4415 1882 5197 0 270 true
4415 1883 5203 0 89 true
4411 1882 5201 0 179 true
4415 1882 5198 0 270 true
4410 1881 5199 0 179 true
4407 1865 5205 0 0 true
4415 1863 5205 0 134 true
4415 1883 5205 0 179 true
4407 1862 5205 0 89 true
4414 1808 5152 0 270 true
4415 1861 5205 0 -45 true
4415 1887 5204 0 44 true
4407 1862 5205 0 89 true
4415 1863 5205 0 134 true
4410 1890 5205 0 89 true
4415 1883 5205 0 179 true
4415 1884 5206 0 0 true
4406 1890 5195 0 270 true
4407 1864 5206 0 134 true
4411 1884 5207 0 134 true
4404 1873 5213 0 89 true
4414 1895 5194 0 270 true
4414 1890 5215 0 -45 true
4406 1895 5187 0 89 true
4404 1872 5216 0 179 true
4414 1892 5216 0 224 true
4404 1882 5216 0 0 true
4415 1876 5215 0 179 true
4415 1879 5215 0 224 true
4415 1870 5217 0 270 true
4414 1892 5218 0 224 true
4404 1874 5217 0 224 true
4404 1878 5218 0 44 true
4414 1888 5221 0 224 true
4404 1879 5219 0 270 true
4414 1889 5223 0 224 true
4406 1900 5208 0 270 true
4415 1881 5221 0 0 true
4414 1893 5222 0 270 true
4406 1901 5206 0 89 true
4415 1871 5218 0 44 true
4406 1897 5196 0 270 true
4415 1872 5191 0 44 true
4406 1904 5191 0 270 true
4406 1901 5191 0 270 true
4406 1904 5194 0 179 true
4414 1889 5223 0 224 true
4415 1874 5219 0 0 true
4414 1892 5224 0 179 true
4404 1879 5218 0 270 true
4414 1892 5226 0 89 true
4406 1902 5204 0 270 true
4404 1874 5215 0 -45 true
4406 1893 5198 0 270 true
4406 1901 5197 0 270 true
4406 1900 5210 0 270 true
4406 1899 5198 0 270 true
4411 1894 5229 0 89 true
153 1905 5229 0 44 true
4415 1896 5229 0 270 true
4415 1884 5228 0 270 true
4406 1901 5201 0 270 true
4412 1897 5231 0 0 true
4412 1894 5230 0 89 true
4415 1882 5231 0 270 true
4410 1897 5232 0 89 true
4411 1894 5231 0 224 true
4415 1882 5234 0 270 true
4415 1879 5234 0 179 true
4415 1897 5234 0 0 true
4415 1884 5234 0 0 true
4415 1884 5235 0 179 true
4411 1893 5235 0 44 true
4406 1895 5236 0 179 true
4415 1885 5236 0 89 true
4410 1906 5236 0 179 true
154 1907 5213 0 270 true
4410 1896 5236 0 89 true
4415 1879 5239 0 270 true
4406 1898 5241 0 224 true
4406 1892 5241 0 134 true
4415 1893 5243 0 89 true
4415 1880 5243 0 179 true
4415 1882 5241 0 270 true
4406 1903 5243 0 89 true
4415 1902 5242 0 0 true
4415 1848 5176 0 270 true
4406 1848 5176 0 270 true
4406 1901 5245 0 89 true
153 1848 5176 0 270 true
4415 1901 5244 0 44 true
4410 1848 5176 0 270 true
4415 1910 5243 0 0 true
4415 1911 5235 0 224 true
-1 1848 5176 0 270 true
4412 1911 5241 0 89 true
154 1909 5215 0 44 true
4415 1881 5243 0 0 true
4406 1894 5243 0 270 true
4415 1879 5234 0 179 true
4415 1880 5234 0 179 true
4415 1879 5239 0 270 true
153 1907 5224 0 134 true
4415 1874 5230 0 0 true
4404 1873 5238 0 270 true
4413 1875 5240 0 0 true
4415 1874 5236 0 0 true
4411 1895 5228 0 89 true
4410 1904 5235 0 89 true
4410 1894 5228 0 44 true
4412 1911 5241 0 89 true
4415 1911 5235 0 224 true
4415 1912 5243 0 0 true
4411 1912 5239 0 270 true
4411 1912 5244 0 270 true
4415 1912 5238 0 134 true
4415 1913 5244 0 0 true
4412 1912 5242 0 179 true
4411 1913 5237 0 89 true
4410 1895 5227 0 -45 true
153 1904 5227 0 89 true
4406 1892 5241 0 -45 true
4412 1892 5235 0 0 true
4410 1896 5229 0 270 true
4410 1894 5234 0 0 true
4411 1894 5244 0 179 true
4412 1895 5230 0 89 true
4412 1893 5228 0 270 true
4406 1893 5239 0 44 true
4406 1894 5242 0 44 true
153 1911 5220 0 134 true
154 1907 5220 0 134 true
4406 1892 5239 0 224 true
4414 1893 5223 0 89 true
4414 1892 5221 0 89 true
4414 1892 5225 0 -45 true
4415 1890 5244 0 0 true
4406 1890 5236 0 44 true
4406 1890 5242 0 179 true
4414 1893 5219 0 89 true
4414 1891 5218 0 44 true
153 1913 5216 0 44 true
4412 1889 5225 0 179 true
4410 1913 5239 0 270 true
153 1912 5216 0 270 true
154 1905 5218 0 44 true
4406 1889 5244 0 0 true
4406 1900 5210 0 270 true
4406 1900 5208 0 179 true
4406 1901 5206 0 270 true
4412 1893 5226 0 0 true
4415 1907 5204 0 179 true
4415 1909 5204 0 179 true
4415 1908 5204 0 179 true
4406 1901 5201 0 270 true
4406 1897 5196 0 0 true
4406 1902 5207 0 270 true
4406 1902 5199 0 270 true
154 1903 5226 0 89 true
4410 1896 5229 0 270 true
4412 1894 5226 0 0 true
4414 1894 5225 0 0 true
4414 1893 5221 0 0 true
4414 1893 5227 0 224 true
4412 1893 5228 0 270 true
4411 1897 5232 0 0 true
4411 1890 5204 0 270 true
4414 1892 5216 0 -45 true
4414 1889 5215 0 270 true
4410 1908 5235 0 89 true
4412 1904 5235 0 179 true
4410 1889 5235 0 270 true
4411 1889 5236 0 179 true
4414 1888 5221 0 270 true
4415 1889 5206 0 44 true
4411 1910 5237 0 134 true
4406 1892 5236 0 270 true
4410 1913 5237 0 -45 true
4415 1890 5207 0 44 true
4406 1900 5211 0 89 true
4406 1900 5208 0 270 true
4415 1890 5207 0 89 true
4415 1912 5237 0 270 true
4414 1889 5222 0 44 true
4392 1992 5192 0 270 true
4396 1992 5192 0 270 true
4389 1992 5192 0 270 true
4396 2036 5244 0 0 true
5376 2031 5234 0 270 true
4396 2034 5243 0 270 true
4396 2034 5239 0 -45 true
4396 2032 5243 0 44 true
4396 2034 5232 0 0 true
4396 2036 5245 0 0 true
4396 2032 5242 0 44 true
4396 2033 5240 0 89 true
4392 2031 5235 0 179 true
4389 2045 5234 0 -45 true
4389 2033 5232 0 270 true
4396 2029 5230 0 270 true
5375 2029 5236 0 270 true
4393 1992 5192 0 270 true
4396 2030 5234 0 0 true
4393 2045 5222 0 89 true
5375 2029 5236 0 270 true
4396 2029 5230 0 270 true
5375 2031 5235 0 270 true
5375 2031 5230 0 270 true
4396 2029 5231 0 0 true
4396 2029 5236 0 0 true
4396 2029 5233 0 44 true
4392 2029 5232 0 -45 true
4396 2029 5234 0 -45 true
4389 2032 5233 0 134 true
4392 2029 5231 0 270 true
5376 2026 5234 0 89 true
4393 2041 5219 0 89 true
4393 2040 5218 0 179 true
4393 2039 5218 0 179 true
5376 2031 5233 0 270 true
4393 2040 5217 0 179 true
4396 2031 5244 0 0 true
4392 2029 5232 0 0 true
4395 1992 5192 0 270 true
4393 2044 5214 0 0 true
4393 2043 5213 0 89 true
4392 2033 5233 0 270 true
4944 2042 5213 0 0 true
4396 2039 5208 0 0 true
4392 2029 5232 0 0 true
4396 2029 5235 0 44 true
4389 2033 5232 0 270 true
5375 2029 5236 0 270 true
4396 2028 5234 0 44 true
4393 2040 5213 0 270 true
4396 2032 5238 0 -45 true
5375 2031 5235 0 270 true
4395 2038 5208 0 89 true
5376 2028 5235 0 0 true
5375 2031 5230 0 270 true
4389 2033 5232 0 270 true
4396 2030 5237 0 224 true
4392 2028 5234 0 270 true
4396 2033 5238 0 0 true
4396 2030 5238 0 179 true
4392 2029 5231 0 270 true
4393 2039 5212 0 270 true
5376 2031 5233 0 270 true
4396 2032 5238 0 224 true
4945 2020 5239 0 270 true
4944 2020 5236 0 44 true
4396 2027 5238 0 0 true
4396 2034 5239 0 0 true
4389 2033 5232 0 270 true
4396 2016 5235 0 0 true
4392 2033 5233 0 270 true
4389 2022 5238 0 270 true
4396 2032 5242 0 224 true
4396 2036 5245 0 0 true
4396 2031 5245 0 270 true
4395 2016 5237 0 161 true
4396 2015 5237 0 270 true
4392 2026 5236 0 270 true
5375 2031 5235 0 270 true
4389 2042 5234 0 179 true
5375 2029 5236 0 270 true
4389 2014 5238 0 270 true
5375 2031 5230 0 270 true
4389 2033 5232 0 270 true
5376 2026 5234 0 270 true
4396 2004 5244 0 0 true
4389 2022 5238 0 270 true
4396 2034 5245 0 134 true
5376 2031 5233 0 270 true
4392 2028 5234 0 270 true
4396 2005 5241 0 44 true
4392 2030 5232 0 44 true
4945 2020 5239 0 270 true
4389 2014 5238 0 270 true
4396 2035 5245 0 179 true
4396 2004 5240 0 270 true
5379 1992 5192 0 270 true
4394 1997 5244 0 179 true
4395 2016 5237 0 270 true
4396 2027 5235 0 134 true
4396 2027 5235 0 134 true
4392 2028 5231 0 89 true
4396 2027 5236 0 179 true
4944 2020 5236 0 270 true
4396 1999 5244 0 0 true
4389 2014 5238 0 270 true
4392 2026 5236 0 270 true
4389 2022 5238 0 270 true
5375 2029 5236 0 270 true
5375 2029 5230 0 179 true
5376 2026 5234 0 270 true
4396 2029 5236 0 179 true
4396 2029 5231 0 179 true
4396 2029 5236 0 179 true
4396 2028 5236 0 179 true
4394 1997 5244 0 179 true
4396 1995 5234 0 0 true
4396 1993 5242 0 44 true
5379 1952 5192 0 270 true
5380 1952 5192 0 270 true
4391 1952 5192 0 270 true
4394 1992 5238 0 89 true
4391 1993 5240 0 179 true
4396 1990 5239 0 270 true
4396 1990 5243 0 179 true
4391 1991 5235 0 134 true
4396 1989 5230 0 89 true
4391 1990 5240 0 44 true
4391 1989 5237 0 108 true
4394 1990 5234 0 270 true
4391 1992 5243 0 270 true
4396 1990 5224 0 179 true
4396 1993 5222 0 -45 true
4396 1986 5221 0 179 true
4396 1990 5221 0 0 true
4396 1986 5222 0 89 true
5379 1995 5240 0 270 true
4396 2002 5215 0 0 true
4396 1996 5215 0 -45 true
4396 1994 5215 0 179 true
4396 2002 5215 0 0 true
4396 1995 5208 0 89 true
4396 1993 5206 0 0 true
5377 2006 5207 0 89 true
4391 2005 5207 0 134 true
4391 2004 5205 0 179 true
-1 1952 5192 0 270 true
4396 1986 5204 0 179 true
4391 2007 5206 0 270 true
4393 2002 5202 0 224 true
4391 2008 5204 0 270 true
4393 2009 5203 0 179 true
4396 1986 5201 0 89 true
4396 2001 5201 0 270 true
5377 2002 5200 0 89 true
4391 2009 5202 0 270 true
4396 1987 5200 0 224 true
5378 2007 5200 0 134 true
4396 1986 5199 0 224 true
4396 2009 5198 0 270 true
5377 2003 5197 0 270 true
4396 1995 5197 0 -45 true
4396 2009 5194 0 179 true
4393 1944 5152 0 270 true
5378 1993 5192 0 270 true
4944 1944 5152 0 270 true
4396 1944 5152 0 270 true
4945 1994 5192 0 179 true
4391 2006 5200 0 270 true
4396 2005 5191 0 89 true
4396 2004 5190 0 179 true
4393 1993 5190 0 179 true
4396 1991 5190 0 0 true
4391 2004 5206 0 270 true
4945 1997 5190 0 270 true
4944 1994 5190 0 179 true
5378 1999 5190 0 134 true
4395 1988 5190 0 179 true
4395 1990 5188 0 179 true
4391 2003 5206 0 179 true
5377 2002 5199 0 224 true
4393 2003 5206 0 179 true
4393 2003 5208 0 179 true
4396 2003 5185 0 0 true
5377 2004 5189 0 270 true
4396 2004 5190 0 179 true
4391 2004 5205 0 224 true
4391 2005 5196 0 270 true
4396 2004 5188 0 270 true
4396 2005 5188 0 270 true
4391 2005 5202 0 224 true
5377 2006 5199 0 179 true
4396 2008 5192 0 89 true
4396 2008 5193 0 179 true
5377 2009 5203 0 89 true
5378 2009 5206 0 0 true
4396 2009 5200 0 224 true
5379 1944 5152 0 270 true
4393 1990 5188 0 270 true
4391 2009 5205 0 270 true
4396 2010 5192 0 89 true
4394 2010 5191 0 89 true
5378 1989 5187 0 270 true
4391 2007 5203 0 270 true
4396 2010 5194 0 179 true
5379 2010 5186 0 134 true
4391 2009 5202 0 270 true
4396 2013 5190 0 270 true
5377 1988 5188 0 270 true
5377 1992 5192 0 270 true
4394 2018 5188 0 89 true
5379 2018 5191 0 89 true
4396 2018 5189 0 89 true
4396 2018 5192 0 89 true
4396 2018 5187 0 89 true
4391 2007 5203 0 251 true
4391 2003 5203 0 134 true
5377 2008 5203 0 179 true
4393 2003 5204 0 224 true
4396 1993 5205 0 0 true
5378 1990 5192 0 44 true
5377 2001 5205 0 224 true
4391 2003 5206 0 179 true
5377 1990 5192 0 44 true
4391 2007 5206 0 270 true
4396 1994 5206 0 270 true
4393 2007 5207 0 0 true
5377 2002 5207 0 89 true
4393 2003 5208 0 179 true
5378 2004 5209 0 0 true
4396 1989 5206 0 179 true
4396 1993 5210 0 179 true
4395 1990 5189 0 44 true
4395 1990 5193 0 270 true
4396 1989 5200 0 0 true
4393 1993 5190 0 270 true
4396 2002 5215 0 0 true
4391 2007 5203 0 270 true
5379 2020 5193 0 0 true
4391 2003 5203 0 179 true
4396 2022 5193 0 179 true
4396 1995 5220 0 270 true
4396 1992 5222 0 0 true
4396 1992 5222 0 0 true
4396 1988 5201 0 0 true
4396 1988 5224 0 179 true
4396 1989 5206 0 179 true
4396 1987 5225 0 0 true
4396 1988 5225 0 179 true
4396 1986 5204 0 179 true
4396 1987 5226 0 179 true
4396 1990 5227 0 270 true
4394 1989 5231 0 89 true
4391 2004 5206 0 270 true
4396 1993 5200 0 44 true
4396 1990 5228 0 44 true
4396 2004 5200 0 89 true
4396 1990 5227 0 0 true
4396 1990 5224 0 0 true
4391 2009 5205 0 270 true
4396 1994 5223 0 0 true
4391 2007 5206 0 270 true
4396 2036 5201 0 270 true
4395 2038 5207 0 270 true
4944 2039 5214 0 89 true
4396 2038 5215 0 179 true
4393 2040 5213 0 89 true
4393 2041 5212 0 89 true
4393 2042 5219 0 0 true
4396 2042 5208 0 89 true
4393 2042 5217 0 179 true
4393 2043 5215 0 270 true
4393 2044 5222 0 0 true
4396 2045 5204 0 179 true
4393 2045 5221 0 89 true
4396 2046 5205 0 89 true
4393 2046 5221 0 44 true
4396 2028 5195 0 89 true
4396 2026 5195 0 179 true
5379 2027 5195 0 89 true
4393 2039 5215 0 270 true
5379 2027 5194 0 179 true
4390 1984 5160 0 270 true
4396 2039 5193 0 0 true
4394 2027 5193 0 89 true
4396 2025 5193 0 44 true
4396 2022 5193 0 44 true
5380 2028 5192 0 0 true
4396 2043 5192 0 44 true
4396 2018 5192 0 89 true
5379 2018 5193 0 89 true
4396 2045 5192 0 89 true
4390 2039 5192 0 -45 true
4394 2030 5190 0 89 true
5379 2023 5190 0 89 true
4396 2032 5190 0 89 true
4396 2030 5189 0 89 true
4390 2039 5188 0 18 true
4394 2018 5187 0 270 true
4396 2024 5187 0 89 true
5380 2031 5186 0 179 true
4390 2044 5187 0 161 true
4396 2038 5186 0 179 true
5380 2021 5186 0 89 true
4396 2038 5185 0 270 true
4396 2033 5185 0 0 true
4390 2043 5193 0 270 true
4390 2042 5191 0 270 true
4396 2016 5186 0 44 true
4390 2045 5190 0 270 true
4390 2046 5194 0 270 true
4390 2041 5187 0 270 true
4393 2037 5212 0 179 true
4393 2037 5214 0 179 true
4393 2038 5216 0 89 true
4393 2044 5216 0 -45 true
4944 2041 5216 0 270 true
4393 2042 5214 0 -45 true
4393 2040 5215 0 270 true
4396 2017 5194 0 0 true
4393 2043 5217 0 270 true
4393 2045 5223 0 270 true
4396 2024 5193 0 89 true
4390 2038 5194 0 270 true
4396 2027 5195 0 44 true
4391 2010 5204 0 -45 true
5377 2009 5199 0 0 true
5378 2008 5205 0 270 true
4393 2008 5203 0 89 true
4396 2008 5201 0 -45 true
5377 2009 5205 0 0 true
4391 2009 5202 0 270 true
4393 2006 5208 0 0 true
4396 2005 5220 0 -45 true
4391 2005 5207 0 44 true
5377 2004 5203 0 179 true
4396 2005 5204 0 0 true
4391 2005 5199 0 0 true
4393 2037 5214 0 179 true
4395 2039 5216 0 89 true
4393 2037 5210 0 224 true
4396 2037 5203 0 0 true
4396 2037 5206 0 89 true
4392 1984 5160 0 270 true
4393 2039 5214 0 0 true
4393 2040 5216 0 89 true
4393 2041 5214 0 179 true
4389 2033 5232 0 270 true
5375 2032 5229 0 -45 true
4389 2042 5232 0 179 true
4396 2041 5208 0 179 true
4389 2042 5232 0 179 true
4401 2072 5200 0 270 true
4400 2072 5200 0 270 true
4400 2130 5267 0 -45 true
4400 2131 5267 0 270 true
4400 2140 5252 0 179 true
4400 2141 5252 0 89 true
4397 2072 5200 0 270 true
4400 2142 5252 0 179 true
4401 2124 5268 0 179 true
4401 2123 5268 0 270 true
4397 2145 5251 0 0 true
4401 2125 5268 0 270 true
4401 2123 5269 0 0 true
4400 2125 5269 0 179 true
4400 2146 5258 0 270 true
4400 2124 5269 0 89 true
4401 2129 5268 0 270 true
4400 2146 5261 0 134 true
4401 2128 5270 0 224 true
4397 2149 5254 0 -45 true
4401 2134 5271 0 270 true
4400 2131 5271 0 179 true
4401 2123 5271 0 -45 true
4400 2129 5271 0 270 true
4400 2123 5271 0 224 true
4401 2127 5271 0 270 true
4400 2123 5271 0 224 true
4400 2147 5258 0 134 true
4401 2130 5272 0 44 true
4401 2128 5272 0 89 true
4401 2121 5273 0 -45 true
4400 2128 5274 0 270 true
4401 2120 5274 0 270 true
4401 2124 5273 0 270 true
4400 2124 5273 0 89 true
4400 2148 5255 0 270 true
4397 2149 5252 0 179 true
4401 2126 5275 0 89 true
4397 2149 5253 0 179 true
4400 2125 5270 0 270 true
4400 2129 5268 0 270 true
4400 2122 5274 0 -45 true
4397 2149 5252 0 179 true
4401 2121 5274 0 224 true
4400 2130 5272 0 270 true
4400 2148 5257 0 179 true
4400 2123 5270 0 270 true
4400 2148 5266 0 179 true
4401 2125 5274 0 270 true
4401 2121 5274 0 224 true
4400 2148 5256 0 179 true
4401 2126 5274 0 270 true
4400 2132 5274 0 224 true
4401 2120 5274 0 -45 true
4400 2129 5270 0 270 true
4401 2118 5274 0 270 true
4401 2122 5274 0 224 true
4400 2126 5274 0 270 true
4397 2149 5253 0 179 true
4401 2132 5274 0 224 true
4401 2120 5274 0 -45 true
4401 2118 5274 0 0 true
4400 2124 5272 0 270 true
4400 2148 5256 0 224 true
4400 2132 5274 0 270 true
4401 2133 5274 0 270 true
4401 2126 5274 0 270 true
4400 2127 5272 0 270 true
4400 2125 5274 0 270 true
4400 2126 5275 0 44 true
4401 2122 5275 0 89 true
4400 2124 5275 0 270 true
4400 2148 5257 0 134 true
4401 2121 5275 0 270 true
4400 2124 5274 0 270 true
4401 2123 5276 0 89 true
4399 2122 5290 0 270 true
4400 2131 5267 0 270 true
4399 2121 5295 0 89 true
4400 2125 5270 0 270 true
4399 2131 5297 0 270 true
4399 2119 5297 0 44 true
4400 2117 5274 0 179 true
4399 2120 5302 0 179 true
4399 2124 5302 0 -45 true
4399 2080 5240 0 270 true
4399 2129 5306 0 179 true
4400 2146 5306 0 0 true
4401 2121 5276 0 44 true
4400 2146 5307 0 89 true
4401 2119 5277 0 179 true
4400 2146 5307 0 179 true
4400 2120 5275 0 89 true
4401 2126 5275 0 0 true
4400 2121 5275 0 270 true
4400 2126 5274 0 270 true
4401 2131 5273 0 44 true
4401 2119 5274 0 179 true
4401 2130 5274 0 179 true
4401 2120 5274 0 89 true
4401 2117 5274 0 179 true
4401 2121 5272 0 134 true
4401 2121 5273 0 89 true
4399 2123 5304 0 179 true
4400 2146 5306 0 270 true
4400 2145 5306 0 179 true
4400 2148 5305 0 270 true
4400 2149 5305 0 89 true
4399 2130 5306 0 0 true
4400 2145 5305 0 224 true
4400 2151 5305 0 270 true
4400 2151 5307 0 179 true
4400 2150 5307 0 0 true
4400 2152 5305 0 89 true
4400 2150 5309 0 270 true
4400 2151 5308 0 270 true
4400 2154 5306 0 0 true
4400 2153 5305 0 179 true
4400 2155 5304 0 270 true
4400 2152 5306 0 270 true
4398 2158 5284 0 134 true
4398 2160 5282 0 270 true
4399 2163 5301 0 179 true
4398 2163 5285 0 270 true
4400 2153 5306 0 270 true
4399 2167 5308 0 179 true
4399 2166 5306 0 179 true
4400 2150 5307 0 270 true
4399 2169 5303 0 89 true
4399 2169 5308 0 89 true
4402 2080 5240 0 270 true
4403 2172 5288 0 89 true
4402 2171 5285 0 179 true
4399 2171 5306 0 270 true
4400 2153 5307 0 270 true
4403 2173 5284 0 89 true
4403 2173 5284 0 89 true
4398 2162 5284 0 0 true
4398 2120 5248 0 270 true
4402 2120 5248 0 270 true
4398 2159 5283 0 -45 true
4402 2171 5283 0 270 true
4400 2152 5307 0 179 true
4400 2152 5306 0 134 true
4400 2152 5305 0 179 true
4398 2161 5282 0 0 true
4400 2153 5305 0 270 true
4398 2164 5280 0 -45 true
4398 2164 5280 0 89 true
4403 2172 5279 0 89 true
4403 2172 5279 0 89 true
4403 2173 5275 0 89 true
4400 2157 5274 0 270 true
4401 2120 5248 0 270 true
4400 2154 5272 0 89 true
4402 2174 5273 0 0 true
4401 2154 5273 0 179 true
4401 2155 5272 0 179 true
4400 2155 5271 0 134 true
4400 2155 5270 0 0 true
4401 2167 5258 0 44 true
4401 2167 5259 0 89 true
4401 2170 5257 0 89 true
4400 2156 5274 0 179 true
4401 2166 5257 0 89 true
4401 2171 5256 0 89 true
4401 2170 5256 0 0 true
4401 2167 5257 0 134 true
4400 2156 5273 0 0 true
4401 2171 5256 0 89 true
4401 2170 5256 0 0 true
4401 2167 5256 0 89 true
4400 2155 5273 0 89 true
4401 2155 5273 0 0 true
4401 2167 5256 0 134 true
4402 2170 5287 0 270 true
4401 2153 5273 0 179 true
4400 2154 5272 0 89 true
4401 2153 5272 0 270 true
4401 2153 5270 0 44 true
4400 2154 5271 0 89 true
4400 2153 5268 0 0 true
4400 2153 5271 0 63 true
4401 2171 5256 0 89 true
4401 2152 5270 0 179 true
4401 2168 5256 0 44 true
4401 2171 5255 0 44 true
4400 2150 5254 0 179 true
4401 2164 5254 0 179 true
4400 2150 5264 0 0 true
4401 2170 5253 0 0 true
4397 2151 5253 0 270 true
4401 2166 5252 0 179 true
4401 2170 5252 0 0 true
4397 2153 5253 0 179 true
4401 2168 5250 0 270 true
4401 2170 5251 0 270 true
4400 2151 5268 0 270 true
4398 2164 5279 0 270 true
4400 2150 5254 0 179 true
4397 2151 5253 0 270 true
4400 2149 5253 0 89 true
4401 2149 5262 0 0 true
4400 2148 5266 0 134 true
4397 2149 5255 0 -78 true
4397 2149 5252 0 -45 true
4400 2148 5252 0 0 true
4400 2148 5253 0 -45 true
4397 2146 5252 0 8 true
4397 2146 5261 0 89 true
4397 2147 5254 0 -30 true
4397 2154 5255 0 270 true
4400 2144 5260 0 89 true
4403 2173 5274 0 134 true
4400 2142 5262 0 0 true
4398 2164 5280 0 89 true
4401 2168 5251 0 179 true
4401 2168 5257 0 179 true
4400 2134 5271 0 270 true
4400 2154 5271 0 270 true
4400 2131 5271 0 0 true
4401 2131 5273 0 44 true
4401 2131 5268 0 0 true
4401 2130 5274 0 179 true
4400 2129 5270 0 0 true
4400 2129 5272 0 89 true
4401 2128 5271 0 270 true
4400 2127 5272 0 270 true
4401 2126 5275 0 0 true
4401 2126 5274 0 270 true
4401 2128 5273 0 0 true
4401 2126 5273 0 44 true
4400 2131 5267 0 270 true
4401 2123 5271 0 -45 true
4400 2123 5273 0 0 true
4400 2124 5275 0 0 true
4400 2124 5270 0 270 true
4400 2153 5269 0 179 true
4400 2122 5272 0 270 true
4401 2122 5269 0 270 true
4401 2122 5270 0 224 true
4401 2122 5275 0 44 true
4401 2122 5274 0 0 true
4401 2121 5277 0 0 true
4401 2121 5272 0 89 true
4400 2121 5276 0 179 true
4399 2122 5291 0 89 true
4400 2129 5268 0 270 true
4401 2131 5264 0 134 true
4399 2119 5296 0 270 true
4399 2131 5297 0 270 true
4400 2120 5275 0 270 true
4399 2121 5297 0 270 true
4399 2125 5302 0 224 true
4399 2133 5302 0 270 true
4399 2122 5301 0 89 true
4399 2123 5303 0 224 true
4400 2149 5303 0 89 true
4400 2148 5304 0 270 true
4400 2150 5306 0 0 true
4400 2147 5306 0 270 true
4400 2147 5305 0 270 true
4400 2146 5305 0 270 true
4400 2151 5307 0 179 true
4400 2150 5307 0 0 true
4400 2151 5305 0 179 true
4400 2147 5305 0 270 true
4400 2152 5307 0 89 true
4400 2151 5305 0 270 true
4400 2150 5307 0 270 true
4400 2153 5305 0 270 true
4400 2154 5306 0 0 true
4400 2154 5305 0 0 true
4400 2155 5305 0 270 true
4399 2127 5304 0 44 true
4400 2149 5304 0 270 true
4398 2158 5284 0 134 true
4399 2163 5302 0 89 true
4398 2163 5286 0 89 true
4399 2165 5302 0 224 true
4399 2164 5304 0 134 true
4399 2166 5300 0 179 true
4399 2169 5304 0 89 true
4403 2096 5248 0 270 true
4400 2151 5308 0 270 true
4402 2172 5286 0 -45 true
4402 2172 5288 0 270 true
4399 2171 5306 0 270 true
4398 2164 5282 0 44 true
4398 2162 5282 0 134 true
4403 2173 5284 0 89 true
4402 2170 5281 0 179 true
4398 2164 5279 0 270 true
4400 2148 5304 0 224 true
4403 2172 5276 0 270 true
4401 2096 5248 0 270 true
4400 2158 5274 0 89 true
4400 2157 5274 0 270 true
4401 2158 5274 0 44 true
4401 2153 5273 0 179 true
4403 2173 5274 0 134 true
4400 2155 5273 0 179 true
4401 2155 5272 0 0 true
4401 2157 5272 0 -45 true
4402 2172 5272 0 224 true
4400 2156 5271 0 0 true
4400 2154 5269 0 270 true
4400 2156 5270 0 0 true
4400 2152 5270 0 89 true
4401 2150 5268 0 179 true
4399 2163 5301 0 270 true
4402 2172 5288 0 89 true
4402 2172 5272 0 224 true
4403 2172 5284 0 179 true
4403 2172 5281 0 224 true
4399 2166 5301 0 270 true
4400 2149 5302 0 89 true
4399 2170 5304 0 0 true
4400 2155 5304 0 89 true
4400 2148 5304 0 179 true
4400 2151 5304 0 89 true
4400 2148 5304 0 270 true
4400 2153 5305 0 89 true
4400 2145 5306 0 270 true
4399 2168 5306 0 179 true
4400 2149 5306 0 270 true
4400 2147 5305 0 270 true
4400 2154 5306 0 89 true
4400 2155 5305 0 0 true
4399 2169 5308 0 89 true
4400 2150 5307 0 270 true
4400 2147 5305 0 270 true
4400 2153 5307 0 270 true
4400 2156 5274 0 179 true
4400 2158 5274 0 0 true
4399 2132 5300 0 270 true
4399 2132 5302 0 270 true
4400 2134 5272 0 179 true
4400 2158 5273 0 270 true
4401 2133 5272 0 0 true
4401 2157 5274 0 89 true
4401 2156 5272 0 0 true
4400 2154 5272 0 89 true
4401 2156 5270 0 270 true
4401 2131 5271 0 0 true
4401 2156 5271 0 0 true
4401 2154 5271 0 134 true
4401 2134 5271 0 270 true
4401 2131 5269 0 89 true
4400 2155 5269 0 0 true
4400 2153 5268 0 0 true
4401 2152 5267 0 0 true
4400 2149 5266 0 89 true
4400 2149 5266 0 89 true
4398 2164 5279 0 270 true
4398 2163 5285 0 270 true
4398 2164 5281 0 0 true
4400 2152 5268 0 44 true
4400 2154 5273 0 270 true
5369 2351 5202 0 179 true
5370 2352 5206 0 89 true
8645 2304 5160 0 270 true
4384 2355 5204 0 179 true
8645 2362 5216 0 -45 true
8645 2361 5218 0 270 true
8645 2365 5218 0 179 true
8645 2365 5214 0 270 true
8645 2360 5218 0 89 true
5369 2351 5200 0 44 true
8645 2360 5217 0 179 true
8645 2361 5218 0 0 true
8645 2362 5213 0 179 true
8645 2365 5214 0 270 true
8645 2359 5211 0 179 true
8645 2357 5215 0 -45 true
4385 2350 5201 0 89 true
5371 2356 5204 0 0 true
5370 2354 5200 0 89 true
5369 2351 5199 0 270 true
4387 2358 5199 0 0 true
5370 2354 5199 0 270 true
4384 2344 5197 0 179 true
5366 2349 5197 0 224 true
5365 2348 5197 0 89 true
5369 2346 5196 0 134 true
5366 2357 5196 0 89 true
4384 2351 5195 0 270 true
5370 2352 5195 0 89 true
5371 2359 5194 0 0 true
4385 2352 5192 0 89 true
4385 2353 5192 0 89 true
4387 2357 5193 0 0 true
4387 2350 5192 0 179 true
4384 2358 5193 0 0 true
4384 2359 5193 0 270 true
5365 2357 5192 0 89 true
4387 2351 5192 0 134 true
5365 2352 5192 0 44 true
4387 2350 5191 0 270 true
5365 2354 5191 0 179 true
4384 2347 5195 0 0 true
8645 2362 5219 0 270 true
5370 2347 5195 0 -45 true
5366 2356 5188 0 270 true
5369 2347 5193 0 0 true
4384 2350 5196 0 -45 true
5365 2351 5191 0 -45 true
8645 2362 5208 0 -45 true
5369 2347 5194 0 -45 true
5365 2345 5197 0 0 true
8645 2362 5208 0 -45 true
8645 2361 5208 0 270 true
8645 2362 5208 0 270 true
5369 2345 5195 0 44 true
5366 2343 5195 0 179 true
4385 2344 5197 0 0 true
4384 2336 5202 0 0 true
4382 2304 5160 0 270 true
5366 2334 5203 0 270 true
4384 2332 5201 0 0 true
4382 2332 5194 0 89 true
5366 2335 5202 0 -45 true
4385 2331 5200 0 44 true
4382 2331 5197 0 0 true
5369 2354 5203 0 270 true
4382 2332 5203 0 -45 true
4382 2332 5202 0 270 true
4385 2324 5203 0 179 true
4382 2325 5203 0 134 true
4382 2324 5202 0 44 true
4382 2325 5205 0 179 true
4382 2327 5203 0 270 true
4385 2333 5204 0 89 true
4382 2324 5204 0 89 true
4384 2326 5206 0 -45 true
4385 2352 5206 0 89 true
5366 2323 5204 0 0 true
4382 2329 5206 0 0 true
4382 2322 5199 0 44 true
4384 2351 5195 0 134 true
4387 2347 5188 0 179 true
4386 2313 5190 0 270 true
5367 2313 5191 0 0 true
5368 2313 5189 0 0 true
5367 2312 5189 0 44 true
4386 2312 5188 0 89 true
5368 2309 5187 0 179 true
4384 2333 5201 0 270 true
4382 2323 5201 0 224 true
4382 2332 5199 0 224 true
4382 2330 5197 0 224 true
4382 2329 5201 0 179 true
4385 2264 5136 0 270 true
4382 2326 5201 0 179 true
4382 2324 5210 0 179 true
5366 2323 5211 0 179 true
4382 2326 5205 0 134 true
4382 2324 5211 0 89 true
4382 2322 5201 0 179 true
5369 2264 5136 0 270 true
4383 2318 5224 0 270 true
4388 2315 5225 0 270 true
5371 2320 5226 0 270 true
4388 2307 5225 0 44 true
4383 2321 5225 0 0 true
5371 2314 5225 0 270 true
4383 2316 5226 0 179 true
5369 2320 5226 0 270 true
4383 2321 5223 0 134 true
5371 2317 5230 0 0 true
4382 2322 5201 0 179 true
4383 2317 5229 0 224 true
4383 2321 5229 0 270 true
5370 2322 5229 0 89 true
4383 2322 5225 0 0 true
4388 2322 5232 0 224 true
4388 2305 5231 0 270 true
5370 2319 5232 0 224 true
5369 2324 5230 0 270 true
4383 2323 5228 0 224 true
4382 2324 5210 0 179 true
4382 2323 5206 0 179 true
5366 2323 5211 0 179 true
4382 2323 5207 0 179 true
5370 2323 5225 0 179 true
4383 2326 5224 0 -45 true
4383 2325 5231 0 0 true
4385 2326 5203 0 134 true
4383 2327 5230 0 0 true
4382 2322 5201 0 179 true
4382 2327 5205 0 134 true
4384 2327 5201 0 179 true
4384 2328 5199 0 89 true
4382 2328 5200 0 134 true
5366 2325 5199 0 89 true
5366 2327 5200 0 270 true
4382 2326 5198 0 0 true
4385 2329 5202 0 224 true
4382 2329 5197 0 224 true
5368 2312 5195 0 44 true
4384 2331 5205 0 0 true
4382 2331 5198 0 179 true
4382 2333 5201 0 44 true
4382 2333 5199 0 0 true
4383 2317 5225 0 224 true
4388 2312 5225 0 179 true
4388 2307 5225 0 89 true
4383 2321 5225 0 -45 true
5370 2319 5227 0 89 true
4383 2314 5227 0 89 true
5371 2323 5225 0 270 true
5370 2323 5227 0 0 true
5371 2318 5226 0 270 true
5370 2321 5227 0 224 true
5369 2323 5227 0 270 true
4385 2326 5197 0 134 true
4383 2317 5228 0 179 true
4383 2319 5230 0 44 true
4388 2328 5229 0 0 true
4383 2312 5229 0 179 true
4383 2330 5229 0 44 true
4383 2318 5231 0 179 true
4383 2322 5231 0 0 true
5369 2320 5233 0 0 true
4388 2305 5233 0 89 true
4383 2324 5233 0 44 true
4383 2320 5232 0 179 true
4383 2319 5232 0 179 true
4383 2324 5237 0 0 true
4388 2314 5236 0 270 true
-1 2272 5176 0 270 true
4388 2310 5240 0 89 true
4388 2314 5240 0 270 true
4388 2310 5241 0 0 true
4388 2306 5242 0 44 true
4388 2315 5243 0 89 true
4388 2308 5246 0 179 true
4388 2306 5242 0 44 true
4383 2320 5223 0 134 true
-1 2272 5176 0 270 true
4388 2306 5233 0 0 true
4388 2309 5245 0 -45 true
4383 2319 5230 0 0 true
4383 2323 5229 0 0 true
4383 2320 5230 0 44 true
4383 2329 5229 0 179 true
4383 2324 5229 0 179 true
5369 2329 5229 0 89 true
5370 2323 5228 0 44 true
4383 2315 5227 0 224 true
4383 2328 5228 0 89 true
4383 2318 5225 0 270 true
4388 2315 5237 0 0 true
5371 2317 5225 0 179 true
4383 2318 5226 0 179 true
5371 2322 5225 0 0 true
4383 2323 5223 0 134 true
4388 2318 5225 0 89 true
5370 2319 5224 0 89 true
5370 2323 5223 0 89 true
5371 2324 5223 0 44 true
4383 2318 5230 0 0 true
5369 2319 5223 0 89 true
4383 2320 5223 0 134 true
5370 2318 5225 0 -45 true
5370 2318 5227 0 44 true
5370 2318 5225 0 -45 true
4383 2323 5223 0 134 true
4383 2324 5223 0 89 true
4383 2322 5222 0 179 true
4381 2355 5242 0 134 true
4381 2355 5241 0 179 true
5370 2326 5227 0 0 true
4381 2357 5245 0 224 true
4381 2360 5246 0 89 true
4381 2360 5245 0 0 true
4381 2359 5245 0 89 true
4381 2362 5239 0 -45 true
4381 2364 5240 0 270 true
4381 2364 5242 0 89 true
8645 2272 5176 0 270 true
8645 2365 5214 0 0 true
8645 2366 5218 0 0 true
8645 2359 5211 0 224 true
8645 2359 5210 0 270 true
8645 2363 5210 0 89 true
519 3228 3203 0 -45 true
29 3233 3233 0 179 false
47 3207 3205 0 44 true
47 3211 3207 0 224 true
47 3228 3222 0 270 true
47 3227 3209 0 270 true
7890 3207 3228 0 -45 true
47 3220 3211 0 0 true
7872 3230 3207 0 179 true
278 3210 3216 0 89 true
47 3209 3211 0 0 true
47 3208 3204 0 224 true
2238 3232 3220 0 179 true
708 3205 3219 0 179 true
47 3228 3227 0 179 true
6539 3221 3212 0 179 true
0 3211 3230 0 0 true
47 3205 3209 0 179 true
155 3233 3219 0 224 true
7883 3235 3214 0 89 true
3777 3236 3227 0 0 true
6706 3237 3214 0 179 true
7875 3238 3219 0 89 true
2244 3238 3219 0 179 true
2693 3239 3232 0 134 true
6112 3240 3231 0 134 true
12352 3245 3233 0 89 true
456 3247 3210 0 89 true
12359 3247 3234 0 179 true
8867 3232 3237 0 179 true
9633 3168 3168 0 270 true
9632 3245 3197 0 -45 true
46 3252 3220 0 179 true
12358 3242 3236 0 179 true
7870 3227 3235 0 179 true
7882 3223 3238 0 179 true
329 3239 3241 0 270 true
7876 3220 3241 0 179 true
12360 3246 3241 0 270 true
520 3214 3240 0 179 true
521 3214 3240 0 179 true
7873 3219 3247 0 270 true
7878 3211 3250 0 0 true
7891 3209 3250 0 270 true
4474 3214 3252 0 270 true
4707 3213 3251 0 179 true
12354 3227 3254 0 235 true
3331 3230 3253 0 179 true
1861 3168 3168 0 270 true
7879 3224 3250 0 270 true
1765 3168 3168 0 270 true
5423 3212 3263 0 134 true
12370 3209 3263 0 224 true
8876 3211 3263 0 44 true
705 3168 3168 0 270 true
5146 3168 3168 0 270 true
43 3206 3259 0 0 true
8877 3206 3268 0 -45 true
7969 3168 3168 0 270 true
3579 3168 3168 0 270 true
-1 3168 3168 0 270 true
5156 3202 3263 0 0 true
5160 3202 3271 0 0 true
5161 3211 3273 0 0 true
12353 3219 3276 0 0 true
6113 3168 3208 0 270 true
5157 3203 3265 0 -45 true
12371 3197 3275 0 89 true
8864 3168 3208 0 270 true
12369 3194 3262 0 44 true
758 3168 3208 0 270 true
12356 3255 3252 0 270 true
12363 3168 3208 0 270 true
3807 3168 3208 0 270 true
12364 3168 3208 0 270 true
12362 3259 3261 0 179 true
12355 3255 3247 0 270 true
12366 3264 3289 0 44 true
12365 3256 3292 0 -81 true
5147 3212 3266 0 0 true
6114 3228 3282 0 270 true
7 3224 3292 0 -45 true
11547 3190 3288 0 224 true
41 3168 3208 0 270 true
1017 3187 3278 0 0 true
6996 3174 3274 0 270 true
2694 3172 3273 0 179 true
2694 3172 3273 0 179 true
445 3168 3208 0 270 true
1760 3128 3232 0 270 true
444 3128 3232 0 270 true
3806 3170 3306 0 0 true

12353 3141 3261 0 270 true
1761 3124 3277 0 270 true
4571 3124 3271 0 270 true
1760 3145 3274 0 270 true
2252 3130 3285 0 0 true
449 3121 3249 0 179 true
917 3127 3248 0 0 true
-1 3104 3240 0 270 true
919 3128 3246 0 179 true
157 3104 3240 0 270 true
12359 3088 3200 0 270 true
12358 3144 3235 0 179 true
61 3088 3200 0 270 true
12352 3088 3200 0 270 true
12356 3143 3232 0 89 true
12357 3144 3231 0 270 true
153 3174 3228 0 134 true
12360 3181 3249 0 134 true
12355 3182 3256 0 179 true
12354 3144 3228 0 89 true
448 3129 3232 0 89 true
178 3128 3220 0 0 true
920 3122 3243 0 134 true
8204 3113 3220 0 270 true
8203 3111 3219 0 270 true
8078 3088 3200 0 270 true
8202 3088 3200 0 270 true
8201 3088 3200 0 270 true
447 3114 3243 0 270 true
4459 3088 3200 0 270 false
327 3048 3176 0 270 true
450 3048 3176 0 270 true
13 3064 3136 0 270 true
2385 3064 3136 0 270 true
4585 3064 3136 0 270 true
4457 3040 3176 0 270 false
4458 3040 3176 0 270 false
4456 3040 3176 0 270 false
970 3040 3176 0 270 true
2574 3086 3247 0 270 false
1756 3040 3176 0 270 true
1754 3098 3248 0 0 true
3671 3085 3250 0 179 true
11572 3090 3250 0 270 true
6136 3040 3176 0 270 true
2634 3040 3176 0 270 true
11570 3089 3255 0 270 true
3820 3088 3255 0 270 true
47 3040 3176 0 270 true
4611 3075 3257 0 179 true
2242 3040 3176 0 270 true
1755 3091 3259 0 44 true
2243 3075 3260 0 0 true
922 3085 3261 0 179 true
4593 3092 3261 0 89 true
708 3040 3176 0 270 true
4579 3090 3285 0 270 true
7443 3052 3277 0 89 true
2692 3024 3216 0 270 true
6668 3024 3216 0 270 true
2690 3024 3216 0 270 true
3509 3024 3216 0 270 true
6667 3024 3216 0 270 true
734 3046 3259 0 0 true
2691 3045 3259 0 89 true
375 3055 3249 0 44 true
559 3029 3252 0 0 true
6115 3024 3216 0 270 true
6116 3029 3238 0 44 true
657 3047 3236 0 89 true
2728 3043 3236 0 179 true
2729 3024 3216 0 270 true
378 3027 3220 0 44 true
8 2984 3184 0 270 true
2674 3017 3234 0 -45 true
1 3016 3238 0 134 true
556 3013 3245 0 270 true
377 3028 3218 0 0 true
4 3012 3239 0 179 true
376 3026 3215 0 179 true
557 3016 3204 0 0 true
558 2984 3184 0 270 true
2392 2984 3184 0 270 true
2696 2984 3184 0 270 true
2539 2984 3184 0 270 true
2695 2984 3184 0 270 true
745 2984 3184 0 270 true
2697 2984 3184 0 270 true
2476 3018 3188 0 0 true
744 3047 3204 0 89 true
1772 3006 3202 0 0 true
1769 3004 3215 0 0 true
2681 3005 3203 0 0 true
2680 3004 3204 0 179 true
2678 3002 3198 0 0 true
2679 3000 3197 0 179 true
1773 3000 3212 0 270 true
1776 2998 3210 0 134 true
1775 2999 3204 0 -45 true
4924 2984 3184 0 270 true
1774 2996 3212 0 0 true
1770 2997 3203 0 0 true
1771 2994 3195 0 0 true
446 2994 3192 0 44 true
175 3013 3255 0 134 true
583 3013 3260 0 0 true
2712 2952 3184 0 270 true
2710 3003 3266 0 224 true
2713 3000 3268 0 179 true
2711 3006 3270 0 89 true
2709 3003 3273 0 134 true
5439 2952 3184 0 270 false
2693 2952 3184 0 270 true
2313 2952 3184 0 270 true
46 3016 3283 0 270 true
2315 3014 3285 0 89 true
2312 2952 3224 0 270 true
98 2952 3224 0 270 true
2314 3018 3289 0 270 true
2311 2952 3224 0 270 true
2715 2952 3224 0 270 true
397 2952 3224 0 270 true
1086 2952 3224 0 270 true
180 2959 3236 0 44 true
11597 2953 3222 0 270 true
530 2947 3217 0 0 true
531 2948 3217 0 0 true
11598 2965 3214 0 270 true
2682 2912 3200 0 270 true
307 2970 3207 0 179 true
585 2946 3206 0 89 true
1860 2959 3204 0 89 true
367 2931 3212 0 0 true
338 2904 3160 0 270 true
340 2929 3219 0 179 true
336 2926 3219 0 179 true
6089 2904 3160 0 270 true
3902 2931 3228 0 270 true
6090 2936 3247 0 270 true
6088 2932 3256 0 44 true
1767 2888 3200 0 270 true
81 2931 3269 0 270 true
2685 2888 3200 0 270 true
2310 2888 3200 0 270 true
2732 2888 3200 0 270 true
805 2929 3287 0 179 true
2733 2933 3288 0 179 true
2677 2934 3302 0 270 true
5065 2924 3303 0 270 true
1765 2896 3240 0 270 true
5146 2896 3240 0 270 true
2689 2896 3240 0 270 true
3673 2924 3318 0 270 true
5161 2922 3320 0 89 true
43 2921 3321 0 179 true
43 2922 3321 0 179 true
2676 2896 3240 0 270 true
1765 2921 3317 0 270 true
2676 2918 3323 0 0 true
708 2939 3319 0 0 true
5146 2922 3321 0 179 true
43 2927 3322 0 89 true
43 2923 3326 0 0 true
3673 2924 3318 0 270 true
3673 2924 3325 0 270 true
43 2924 3319 0 270 true
1765 2922 3319 0 270 true
5161 2926 3327 0 0 true
2689 2917 3319 0 270 true
5161 2917 3317 0 179 true

1783 3098 3520 0 179 true
2759 3097 3494 0 89 false
6537 3091 3495 0 89 true
529 3077 3511 0 89 true
2759 3096 3493 0 179 false
8070 3089 3515 0 179 true
297 3092 3518 0 179 true
175 3084 3506 0 44 true
528 3080 3512 0 89 true
2 3100 3511 0 270 true
3709 3088 3507 0 134 true
296 3084 3516 0 89 true
3 3097 3508 0 270 true
1 3097 3512 0 270 true
90 3016 3456 0 270 true
5334 3102 3527 0 179 true
299 3016 3456 0 89 true
5333 3108 3528 0 134 true
298 3108 3515 0 134 true
637 3108 3500 0 89 true
3407 3114 3519 0 179 true
3408 3116 3511 0 0 true
5332 3118 3527 0 224 true
553 3096 3491 0 179 false
-1 3056 3464 0 270 true
3330 3134 3509 0 44 true
8347 3056 3464 0 270 true
47 3123 3486 0 270 true
8468 3056 3464 0 270 true
5844 3113 3478 0 89 true
5848 3112 3477 0 0 true
5851 3116 3477 0 89 true
5845 3116 3477 0 89 true
5843 3115 3477 0 89 true
5850 3124 3477 0 44 true
5847 3120 3477 0 89 true
5846 3117 3470 0 89 true
5849 3112 3471 0 89 true
5842 3109 3469 0 0 true
86 3105 9882 0 179 true
59 3102 9879 0 0 true
47 3100 9879 0 270 true
59 3098 9877 0 270 true
5336 3048 9816 0 270 true
5335 3097 9895 0 89 true
4926 3092 9898 0 270 true
123 3048 9816 0 270 true
4927 3118 9889 0 224 true
122 3048 9816 0 270 true
92 3048 9816 0 270 true
-1 3048 9816 0 270 true
91 3094 9902 0 179 true
5332 3109 9909 0 179 true
5333 3128 9911 0 89 true
90 3131 9903 0 270 true
5334 3137 9916 0 0 true
5308 3140 9909 0 134 true
74 3142 9902 0 179 true
5309 3080 9856 0 270 true
4688 3080 9856 0 270 true
1588 3080 9856 0 270 true
5337 3138 9876 0 179 true
5339 3145 9869 0 89 true
112 3164 9879 0 270 true
5322 3096 9816 0 270 true
5321 3096 9816 0 270 true
5319 3124 9861 0 0 true
4690 3096 9816 0 270 true
117 3118 9851 0 270 true
5320 3119 9862 0 270 true
4689 3118 9844 0 270 true
4691 3111 9846 0 270 true
4693 3107 9828 0 270 true
4692 3114 9832 0 270 true
5340 3137 9873 0 179 true
5338 3072 9824 0 270 true
63 3072 9824 0 270 true
3264 3115 3424 0 0 true
3329 3113 3414 0 -45 true
328 3104 3425 0 270 true
3266 3116 3436 0 179 true
328 3104 3424 0 270 true
3267 3111 3443 0 89 true
3265 3131 3445 0 89 true
3257 3097 3428 0 179 true
8699 3080 3376 0 270 false
2648 3159 3434 0 89 true
2869 3162 3433 0 224 true
5918 3080 3376 0 270 true
5919 3080 3376 0 270 true
2759 3080 3376 0 270 false
5920 3180 3429 0 0 true
553 3180 3436 0 0 false
553 3180 3440 0 0 false
4905 3120 3376 0 270 true
546 3201 3433 0 179 true
6522 3120 3376 0 270 true
6521 3161 3475 0 134 true
6524 3112 3416 0 270 true
6525 3174 3480 0 179 true
6528 3112 3416 0 270 false
6533 3166 3489 0 270 false
6529 3165 3491 0 89 false
6526 3150 3490 0 89 true
6535 3163 3490 0 270 false
6527 3153 3499 0 0 true
6523 3112 3416 0 270 true
8174 3112 3416 0 270 true
15 3201 3488 0 89 true
9359 3205 3473 0 89 true
5853 3207 3494 0 179 true
647 3209 3495 0 0 true
708 3152 3448 0 270 true
2472 3223 3501 0 179 true
178 3225 3513 0 179 true
105 3152 3448 0 270 true
648 3222 3479 0 179 true
189 3213 3476 0 0 true
3327 3184 3408 0 270 true
5938 3253 3454 0 270 false
3326 3184 3408 0 270 true
640 3252 3483 0 224 true
646 3192 3408 0 44 true
5934 3259 3443 0 270 true
5933 3254 3443 0 270 true
5932 3255 3442 0 270 true
5984 3192 3408 0 270 true
5935 3260 3442 0 270 true
5916 3250 3432 0 270 true
5941 3192 3408 0 270 true
5947 3192 3408 0 270 true
5943 3192 3408 0 270 true
5946 3265 3455 0 89 true
5937 3267 3444 0 270 true
5936 3266 3445 0 270 true
549 3232 3441 0 89 true
6135 3256 3430 0 89 true
550 3234 3427 0 44 true
5917 3260 3420 0 179 true
8124 3239 3412 0 44 true
11 3245 3409 0 89 true
12346 3260 3408 0 44 true
368 3200 3368 0 270 true
12345 3237 3408 0 179 true
12347 3236 3406 0 179 true
5913 3253 3404 0 270 true
5910 3230 3401 0 134 true
2792 3229 3411 0 0 true
5926 3234 3390 0 134 true
733 3226 3399 0 270 true
756 3200 3368 0 270 true
8872 3222 3372 0 0 true
645 3220 3393 0 270 true
5909 3219 3402 0 179 true
5924 3218 3393 0 -45 true
641 3209 3391 0 270 true
552 3204 3395 0 0 true
551 3204 3398 0 0 true
638 3195 3403 0 0 true
8871 3225 3374 0 270 true
8874 3228 3373 0 179 true
8873 3230 3375 0 89 true
523 3214 3414 0 179 true
522 3216 3414 0 224 true
548 3208 3418 0 179 true
2778 3160 3336 0 270 true
2320 3189 3408 0 44 true
5929 3185 3392 0 44 true
642 3186 3386 0 0 true
5928 3182 3390 0 89 true
*/