//Kuradel's Dungeon inside
49 1645 5257 0 224 true
49 1651 5256 0 44 true
1591 1654 5269 0 89 true
49 1645 5254 0 71 true
83 1630 5255 0 0 true
4701 1618 5255 0 179 true
4698 1617 5264 0 0 true
4684 1607 5271 0 44 true
4700 1604 5258 0 89 true
4683 1614 5274 0 270 true
4682 1606 5277 0 -45 true
4681 1613 5282 0 270 true
55 1608 5282 0 224 true
1592 1552 5208 0 270 true
1610 1552 5208 0 270 true
1615 1552 5208 0 270 true
1610 1615 5303 0 270 true
1615 1628 5301 0 179 true
1592 1628 5284 0 179 true
1615 1627 5301 0 0 true
1610 1606 5301 0 26 true
1610 1612 5294 0 63 true
2783 1560 5248 0 270 true
1615 1632 5303 0 -45 true
1615 1643 5298 0 270 true
1615 1636 5299 0 89 true
1615 1646 5303 0 179 true
1615 1634 5304 0 89 true
1615 1631 5301 0 -45 true
1615 1634 5305 0 89 true
1592 1633 5284 0 91 true
2783 1650 5290 0 -45 true
1610 1620 5301 0 84 true
2783 1651 5282 0 270 true
1615 1645 5306 0 89 true
1615 1643 5302 0 270 true
2783 1650 5295 0 -14 true
2783 1648 5290 0 0 true
2783 1655 5295 0 -34 true
2783 1658 5295 0 270 true
1591 1650 5272 0 103 true
2783 1652 5286 0 0 true
1591 1647 5277 0 258 true
1591 1646 5269 0 11 true
4683 1600 5248 0 270 true
1592 1625 5282 0 270 true
1592 1621 5276 0 0 true
//Mith, waterfiends, brutal dragons, and other stuff :P
5362 1758 5333 0 270 true
5361 1749 5337 0 224 true
5364 1696 5272 0 270 true
5363 1768 5332 0 0 true
5363 1785 5330 0 0 true
5363 1781 5358 0 -45 true
5363 1768 5336 0 -45 true
5363 1782 5341 0 270 true
5363 1768 5343 0 270 true
//Duel Arena, Lumby Swamp
1008 3385 3278 0 179 true
958 3384 3268 0 89 true
959 3365 3276 0 0 true
963 3370 3278 0 89 true
960 3368 3277 0 270 true
961 3372 3273 0 0 true
962 3357 3276 0 0 true
47 3318 3257 0 179 true
957 3315 3240 0 0 true
3670 3318 3238 0 0 true
80 3314 3271 0 -45 true
964 3329 3238 0 89 true
967 3330 3232 0 44 true
540 3289 3213 0 89 true
3809 3284 3212 0 270 true
8707 3292 3212 0 89 false
9159 3272 3176 0 270 true
2810 3312 3208 0 270 true
3 3297 3208 0 179 true
2811 3287 3207 0 0 true
16 3294 3206 0 44 true
539 3298 3204 0 179 true
1 3283 3203 0 179 true
2818 3303 3202 0 0 true
2813 3282 3201 0 134 true
2812 3297 3227 0 270 true
2817 3306 3196 0 134 true
2819 3297 3196 0 44 true
2 3293 3193 0 179 true
541 3287 3189 0 224 true
2816 3300 3188 0 179 true
5282 3286 3180 0 89 true
9709 3275 3175 0 0 true
543 3273 3183 0 0 true
2824 3275 3193 0 0 true
18 3285 3173 0 -45 true
18 3300 3170 0 179 true
496 3240 3136 0 270 false
497 3267 3168 0 0 false
2809 3275 3165 0 224 true
923 3299 3161 0 134 true
330 3240 3136 0 270 true
107 3284 3140 0 270 true
9708 3254 3170 0 44 true
4908 3246 3155 0 270 true
458 3206 3148 0 270 true
837 3306 3129 0 134 true
8708 3309 3126 0 179 false
836 3304 3124 0 89 true
838 3304 3117 0 179 true
61 3232 3096 0 270 true
5532 3232 3096 0 270 true
544 3316 3164 0 134 true
542 3316 3173 0 -45 true
525 3314 3183 0 89 true
524 3312 3185 0 89 true
545 3322 3194 0 179 true
926 3269 3229 0 179 true
925 3267 3226 0 134 true
12356 3256 3136 0 270 true
12353 3260 3236 0 0 true
155 3224 3176 0 270 true
12359 3260 3240 0 89 true
46 3257 3214 0 -45 true
12360 3255 3235 0 179 true
12360 3256 3241 0 89 true
12357 3255 3226 0 44 true
12355 3257 3241 0 0 true
12358 3252 3225 0 0 true
12352 3224 3176 0 270 true
12367 3252 3239 0 89 true
2693 3246 3228 0 0 true
6112 3245 3228 0 0 true
12354 3245 3233 0 270 true
329 3224 3176 0 270 true
3777 3236 3227 0 0 true
29 3224 3176 0 270 false
8867 3232 3237 0 89 true
3331 3230 3251 0 270 true
7876 3227 3241 0 89 true
7870 3228 3238 0 0 true
7879 3227 3252 0 -45 true
2238 3228 3223 0 179 true
7875 3237 3219 0 89 true
2244 3238 3219 0 179 true
6706 3224 3176 0 270 true
13608 3224 3176 0 270 true
13613 3184 3176 0 270 true
6565 3221 3235 0 179 true
6539 3222 3215 0 134 true
7882 3226 3241 0 224 true
7883 3233 3211 0 134 true
0 3219 3222 0 270 true
520 3184 3176 0 270 true
521 3184 3176 0 270 true
7873 3216 3245 0 -45 true
7878 3212 3243 0 89 true
13937 3222 3247 0 179 true
708 3184 3176 0 270 true
4707 3184 3176 0 270 true
4474 3214 3252 0 270 true
7891 3209 3250 0 270 true
705 3207 3251 0 179 true
1861 3184 3176 0 270 true
12370 3184 3176 0 270 true
43 3208 3259 0 179 true
7969 3204 3243 0 89 true
5146 3184 3176 0 270 true
1765 3200 3260 0 -45 true
8864 3195 3254 0 0 true
5423 3212 3263 0 270 true
12369 3195 3263 0 270 true
8876 3193 3263 0 270 true
153 3144 3200 0 270 true
5156 3202 3265 0 224 true
7890 3144 3200 0 270 true
157 3172 3262 0 0 true
6996 3169 3266 0 270 true
278 3209 3217 0 0 true
12351 3195 3211 0 270 true
12368 3200 3205 0 89 true
12350 3193 3205 0 89 true
12349 3193 3208 0 270 true
12361 3178 3200 0 270 true
7872 3229 3208 0 270 true
6566 3221 3235 0 179 true
//Lrc
8833 3644 5137 0 179 true
8840 3645 5127 0 179 true
8832 3663 5124 0 224 true
8833 3658 5129 0 0 true
8833 3645 5128 0 -45 true
8832 3652 5137 0 270 true
8832 3641 5109 0 270 true
8842 3652 5142 0 270 true
8843 3647 5142 0 270 true
8841 3662 5147 0 270 true
8844 3629 5148 0 270 true
//Armoured Zombies
8151 3229 10010 0 179 true
8150 3244 9998 0 0 true
8152 3230 10010 0 179 true
8152 3228 10009 0 270 true
8151 3241 9994 0 179 true
8149 3241 9994 0 89 true
8153 3241 9996 0 89 true
8149 3226 10008 0 89 true
8166 3251 10010 0 44 true
8152 3230 10010 0 270 true
8152 3240 9994 0 179 true
8147 3251 10012 0 224 true
5404 3252 10013 0 -45 true
8183 3248 10022 0 179 true
8184 3245 10023 0 -45 true
8155 3192 9936 0 270 true
8156 3249 10025 0 270 true
8157 3243 10025 0 270 true
8157 3252 10025 0 270 true
8154 3250 10025 0 270 true
8156 3244 10025 0 270 true
8157 3247 10025 0 270 true
8158 3246 10025 0 270 true
8156 3251 10025 0 270 true
8154 3245 10025 0 270 true
8184 3200 9992 0 270 true
8159 3273 10026 0 89 true
//Desert Strykewyrms
9464 3367 3159 0 0 true
9464 3356 3164 0 179 true
9464 3367 3156 0 179 true
9464 3367 3172 0 89 true
9464 3373 3155 0 224 true
9464 3376 3155 0 134 true
9464 3379 3146 0 44 true
9464 3365 3162 0 0 true
9464 3379 3162 0 44 true
9464 3366 3153 0 89 true
9464 3356 3164 0 179 true
9464 3364 3156 0 44 true
9464 3366 3171 0 224 true
9464 3373 3145 0 44 true
9464 3370 3155 0 179 true
9464 3376 3158 0 224 true
//Bandits
1926 3163 2981 0 89 true
1926 3163 2983 0 270 true
1926 3163 2981 0 89 true
1926 3162 2982 0 0 true
1926 3161 2980 0 44 true
1926 3163 2983 0 270 true
1926 3163 2981 0 89 true
1926 3161 2984 0 -45 true
1926 3162 2982 0 0 true
//Jungle Strykewyrms
9466 2453 2889 0 179 true
9466 2450 2897 0 224 true
9466 2466 2913 0 224 true
9466 2463 2899 0 0 true
9466 2461 2907 0 -45 true
9466 2457 2903 0 179 true
9466 2459 2912 0 179 true
9466 2454 2901 0 -45 true
//ape atoll
1459 2789 2792 0 179 true
1473 2803 2788 0 179 true
1438 2796 2799 0 179 true
1473 2793 2788 0 134 true
1459 2797 2792 0 134 true
1439 2805 2789 0 134 true
1440 2806 2783 0 134 true
1460 2804 2786 0 0 true
1476 2791 2796 0 270 true
1460 2805 2787 0 161 true
13179 2789 2795 0 270 true
13178 2788 2795 0 270 true
1477 2807 2796 0 0 true
13240 2806 2794 0 270 true
1460 2807 2784 0 0 true
1477 2793 2796 0 270 true
13176 2787 2795 0 270 true
1467 2752 9152 0 270 true
1466 2807 9208 0 224 true
1466 2808 9209 0 -45 true
1466 2809 9194 0 0 true
1466 2808 9191 0 270 true
1465 2773 9188 0 0 true
1473 2800 9199 0 0 true
1473 2795 9200 0 224 true
1467 2800 9198 0 134 true
1467 2786 9202 0 224 true
1467 2800 9206 0 44 true
1467 2801 9201 0 270 true
1473 2798 9201 0 0 true
1467 2789 9194 0 179 true
1473 2784 9202 0 89 true
1473 2785 9199 0 0 true
1467 2802 9197 0 0 true
1467 2782 9193 0 44 true
1473 2787 9190 0 0 true
1467 2785 9198 0 270 true
1467 2800 9199 0 44 true
1467 2798 9195 0 179 true
1465 2773 9193 0 44 true
1466 2807 9193 0 224 true
1466 2807 9191 0 179 true
1466 2807 9210 0 224 true
1471 2749 9099 0 0 true
1473 2810 9108 0 89 true
1473 2791 9104 0 270 true
1473 2807 9124 0 270 true
1465 2797 9111 0 270 true
1465 2807 9124 0 179 true
1465 2795 9118 0 179 true
1473 2788 9127 0 44 true
1465 2809 9127 0 270 true
1473 2792 9116 0 179 true
1465 2808 9108 0 224 true
1465 2809 9107 0 270 true
1473 2798 9127 0 270 true
1473 2809 9122 0 179 true
1465 2808 9113 0 224 true
1473 2793 9117 0 179 true
1465 2812 9120 0 89 true
1465 2804 9129 0 0 true
1465 2796 9128 0 -45 true
1473 2796 9128 0 179 true
1465 2782 9129 0 0 true
1473 2780 9138 0 270 true
1473 2795 9141 0 89 true
1473 2788 9117 0 179 true
1465 2776 9120 0 179 true
1465 2780 9142 0 179 true
1465 2794 9116 0 0 true
1465 2795 9130 0 224 true
1471 2745 9121 0 0 true
1471 2713 9131 0 89 true
1473 2721 9147 0 0 true
1473 2714 9139 0 0 true
1465 2722 9148 0 224 true
1473 2729 9120 0 89 true
1471 2720 9129 0 0 true
1471 2721 9130 0 179 true
1471 2710 9120 0 89 true
1471 2716 9136 0 89 true
1471 2711 9128 0 270 true
1473 2714 9137 0 270 true
1471 2733 9123 0 198 true
1465 2718 9146 0 270 true
1471 2717 9133 0 134 true
1473 2728 9120 0 174 true
1471 2734 9120 0 176 true
1471 2734 9122 0 189 true
1473 2732 9132 0 179 true
1471 2733 9121 0 180 true
1471 2720 9129 0 0 true
1471 2710 9119 0 224 true
1471 2732 9121 0 180 true
1471 2717 9139 0 -45 true
1465 2725 9098 0 89 true
1471 2711 9104 0 0 true
1473 2698 9122 0 224 true
1465 2717 9098 0 0 true
//sumona's dungeon
7786 3350 9390 0 44 true
7786 3348 9390 0 -45 true
7786 3369 9385 0 270 true
7786 3359 9386 0 270 true
7786 3358 9375 0 223 true
7786 3361 9382 0 179 true
7786 3361 9385 0 0 true
7786 3354 9375 0 -7 true
7786 3361 9400 0 142 true
7786 3370 9416 0 89 true
7786 3347 9415 0 224 true
7786 3356 9394 0 86 true
7786 3355 9391 0 83 true
7786 3371 9394 0 0 true
7786 3357 9400 0 98 true
7786 3356 9415 0 134 true
7786 3359 9407 0 270 true
7786 3352 9412 0 -45 true
7786 3356 9389 0 86 true
7786 3359 9401 0 134 true
7802 3272 4312 0 270 true
7787 3312 4378 0 179 true
7803 3310 4362 0 89 true
7801 3312 4362 0 179 true
7787 3320 4373 0 -45 true
7803 3311 4362 0 179 true
7801 3307 4355 0 270 true
7787 3319 4373 0 179 true
7801 3308 4351 0 134 true
7802 3315 4362 0 0 true
7804 3301 4368 0 -45 true
7802 3291 4341 0 179 true
7804 3281 4350 0 44 true
7802 3283 4349 0 270 true
7804 3292 4363 0 0 true
7801 3303 4357 0 0 true
7804 3304 4361 0 270 true
7802 3288 4364 0 0 true
7803 3288 4359 0 224 true
7801 3284 4346 0 -45 true
7801 3309 4350 0 224 true
7803 3298 4346 0 224 true
1609 3279 4377 0 206 true
1609 3273 4376 0 0 true
1608 3280 4386 0 224 true
1608 3276 4375 0 44 true
7787 3322 4382 0 270 true
7787 3316 4384 0 270 true
7787 3319 4386 0 0 true
7787 3314 4385 0 179 true
7787 3320 4373 0 -45 true
7787 3309 4383 0 134 true
7787 3307 4385 0 134 true
7787 3312 4382 0 89 true
1628 3287 4324 0 179 true
1627 3278 4326 0 270 true
1627 3280 4332 0 134 true
1629 3280 4330 0 134 true
1626 3274 4327 0 44 true
1628 3276 4331 0 89 true
1627 3285 4330 0 -45 true
1019 3321 9354 0 0 true
1019 3319 9350 0 270 true
1636 3305 9347 0 134 true
1636 3317 9354 0 179 true
110 3295 9375 0 89 true
1635 3282 9369 0 0 true
1634 3280 9379 0 179 true
1634 3285 9384 0 224 true
1624 3261 9371 0 44 true
1633 3268 9379 0 134 true
1635 3277 9369 0 179 true
1633 3270 9383 0 179 true
1019 3272 9387 0 -45 true
1633 3270 9384 0 179 true
1634 3276 9391 0 -45 true
1634 3282 9378 0 -45 true
1634 3279 9374 0 -45 true
110 3297 9379 0 0 true
1635 3274 9364 0 44 true
1636 3301 9382 0 89 true
1624 3264 9399 0 0 true
1624 3260 9376 0 179 true
1624 3233 9398 0 89 true
1624 3246 9401 0 44 true
1624 3238 9403 0 44 true
1019 3251 9402 0 0 true
1624 3226 9352 0 -45 true
1019 3208 9360 0 224 true
1624 3217 9367 0 134 true
1019 3212 9376 0 0 true
1624 3213 9361 0 270 true
1019 3205 9350 0 89 true
1624 3215 9350 0 224 true
1019 3217 9350 0 0 true
1624 3216 9361 0 89 true
1624 3221 9376 0 89 true
1586 3242 9369 0 179 true
110 3242 9360 0 89 true
1633 3245 9358 0 134 true
1624 3227 9355 0 89 true
1586 3242 9369 0 179 true
1019 3228 9354 0 179 true
1624 3218 9359 0 270 true
1624 3216 9364 0 89 true
110 3242 9360 0 89 true
1624 3218 9374 0 134 true
1624 3222 9346 0 0 true
1019 3232 9372 0 89 true
1624 3238 9365 0 89 true
1019 3227 9356 0 179 true
1633 3245 9358 0 -45 true
1585 3255 9360 0 0 true
1633 3254 9358 0 0 true
1586 3245 9370 0 134 true
110 3255 9371 0 0 true
110 3246 9357 0 134 true
1633 3244 9375 0 179 true
1633 3251 9358 0 0 true
1624 3259 9373 0 224 true
1624 3235 9366 0 270 true
1624 3236 9374 0 270 true
1019 3234 9360 0 44 true
1019 3257 9352 0 179 true
1585 3255 9360 0 270 true
//Champion's guild
78 2889 9905 0 179 true
78 2894 9911 0 -45 true
4681 2910 9907 0 -20 true
78 2939 9889 0 179 true
78 2939 9897 0 89 true
78 2939 9899 0 89 true
//Tzhaar
4694 2843 9560 0 0 true
4697 2845 9558 0 0 true
78 2865 9573 0 0 true
5334 2863 9569 0 -45 true
90 2851 9578 0 0 true
90 2861 9567 0 224 true
5333 2862 9576 0 0 true
5332 2849 9581 0 270 true
78 2857 9572 0 44 true
63 2837 9576 0 89 true
63 2837 9574 0 -45 true
63 2833 9588 0 89 true
63 2832 9581 0 270 true
4695 2838 9609 0 89 true
4696 2846 9612 0 0 true
82 2837 9602 0 194 true
4697 2838 9621 0 270 true
4695 2839 9611 0 270 true
4696 2845 9613 0 134 true
4694 2837 9601 0 -45 true
82 2841 9610 0 83 true
5341 2840 9629 0 270 true
78 2836 9569 0 89 true
82 2830 9563 0 89 true
82 2840 9552 0 224 true
4696 2833 9560 0 71 true
78 2835 9567 0 270 true
4694 2842 9559 0 -18 true
708 1174 4588 0 134 true
708 1179 4581 0 89 true
4694 1178 4582 0 224 true
708 1192 4594 0 224 true
4695 1194 4584 0 44 true
4697 1197 4589 0 89 true
708 1186 4592 0 -45 true
4694 1184 4594 0 28 true
708 1187 4589 0 89 true
82 1190 4588 0 0 true
4697 1176 4580 0 0 true
4696 1184 4580 0 134 true
4696 1178 4578 0 234 true
708 1171 4578 0 89 true
708 1179 4557 0 -45 true
4694 1182 4580 0 0 true
4695 1184 4581 0 134 true
708 1174 4574 0 89 true
708 1169 4562 0 224 true
4696 1164 4570 0 270 true
4697 1173 4573 0 -80 true
4694 1175 4561 0 270 true
4695 1167 4564 0 179 true
708 1174 4573 0 44 true
4694 1177 4580 0 224 true
82 1183 4557 0 134 true
2616 2480 5168 0 89 true
2603 2493 5160 0 89 true
2606 2470 5165 0 270 true
2615 2482 5159 0 89 true
2592 2485 5159 0 89 true
2625 2493 5159 0 89 true
2591 2493 5155 0 0 true
6794 2475 5152 0 44 true
2620 2479 5146 0 0 true
2622 2465 5148 0 -45 true
2602 2473 5146 0 89 true
2614 2488 5141 0 89 true
2624 2474 5141 0 44 true
2607 2487 5172 0 270 true
2607 2489 5173 0 270 true
2625 2493 5157 0 0 true
2620 2476 5147 0 89 true
2625 2493 5159 0 89 true
2603 2489 5161 0 44 true
2603 2489 5153 0 89 true
2615 2482 5159 0 89 true
2591 2493 5155 0 193 true
2603 2491 5162 0 179 true
2592 2476 5152 0 -45 true
2603 2478 5154 0 0 true
2603 2490 5156 0 0 true
6794 2491 5155 0 198 true
2602 2474 5147 0 89 true
2616 2471 5167 0 179 true
2600 2498 5175 0 -45 true
2606 2467 5170 0 270 true
2594 2504 5176 0 0 true
7748 2508 5179 0 270 true
2605 2509 5173 0 89 true
7747 2510 5179 0 270 true
7749 2513 5168 0 270 true
7746 2512 5179 0 270 true
7750 2529 5180 0 0 true
2592 2476 5156 0 179 true
2606 2467 5167 0 270 true
2603 2480 5161 0 89 true
2616 2473 5169 0 270 true
2603 2473 5153 0 179 true
2615 2459 5161 0 89 true
2607 2479 5166 0 270 true
2615 2466 5164 0 89 true
2622 2464 5150 0 179 true
2620 2477 5146 0 270 true
2602 2469 5146 0 270 true
2614 2446 5172 0 89 true
2595 2461 5142 0 0 true
2606 2467 5167 0 270 true
2607 2455 5154 0 44 true
2616 2467 5145 0 270 true
2595 2461 5142 0 0 true
2615 2459 5161 0 89 true
2622 2465 5149 0 134 true
2615 2443 5147 0 270 true
2615 2466 5166 0 0 true
2602 2469 5146 0 270 true
2600 2458 5136 0 -45 true
2608 2441 5138 0 270 true
2597 2456 5122 0 179 true
2625 2450 5122 0 89 true
2609 2438 5123 0 270 true
2625 2436 5122 0 270 true
2601 2458 5126 0 270 true
2623 2462 5124 0 270 true
2596 2471 5127 0 89 true
2597 2458 5122 0 270 true
2601 2456 5128 0 134 true
2609 2438 5123 0 179 true
2601 2461 5126 0 134 true
2625 2437 5122 0 0 true
2625 2451 5121 0 0 true
2600 2454 5136 0 0 true
2616 2459 5127 0 89 true
2600 2455 5124 0 134 true
2625 2458 5121 0 0 true
2623 2460 5125 0 179 true
2602 2469 5139 0 270 true
2608 2444 5141 0 0 true
2614 2451 5140 0 0 true
2595 2471 5130 0 134 true
2622 2464 5149 0 0 true
2624 2473 5140 0 89 true
2596 2474 5129 0 224 true
2620 2479 5144 0 270 true
2592 2479 5151 0 -45 true
2615 2477 5134 0 179 true
2603 2474 5156 0 179 true
2616 2467 5142 0 270 true
2616 2470 5128 0 89 true
2603 2473 5151 0 270 true
2597 2479 5136 0 0 true
2592 2482 5158 0 0 true
2595 2472 5130 0 44 true
2620 2479 5144 0 270 true
2602 2473 5146 0 179 true
2601 2467 5141 0 44 true
2624 2475 5141 0 -45 true
2595 2457 5143 0 134 true
2624 2472 5139 0 179 true
2616 2480 5150 0 89 true
2601 2460 5129 0 89 true
2596 2470 5129 0 179 true
2602 2466 5146 0 44 true
2622 2463 5149 0 179 true
2615 2475 5130 0 179 true
2614 2485 5136 0 -45 true
6794 2480 5167 0 44 true
2625 2493 5158 0 270 true
2625 2493 5157 0 89 true
2606 2432 5104 0 270 true
2607 2479 5166 0 270 true
2603 2473 5152 0 89 true
2616 2473 5147 0 270 true
2625 2493 5157 0 0 true
2620 2479 5146 0 89 true
2592 2482 5151 0 89 true
2614 2482 5140 0 89 true
2602 2473 5144 0 270 true
2603 2487 5159 0 179 true
2616 2472 5166 0 270 true
2624 2475 5141 0 -45 true
2625 2492 5158 0 224 true
2615 2492 5140 0 0 true
2603 2493 5156 0 89 true
2597 2486 5141 0 0 true
2603 2489 5159 0 89 true
2603 2484 5161 0 0 true
2607 2482 5162 0 -45 true
2606 2488 5175 0 89 true
2622 2465 5149 0 0 true
6794 2464 5170 0 179 true
2617 2439 5168 0 270 true
2619 2445 5180 0 0 true
//Rock crabs, Yaks
1267 2669 3718 0 179 true
1266 2677 3721 0 270 true
1267 2676 3713 0 130 true
1267 2664 3707 0 42 true
1266 2672 3732 0 270 true
1268 2670 3727 0 270 true
1268 2686 3713 0 270 true
1266 2683 3716 0 270 true
1266 2675 3729 0 270 true
3116 2666 3707 0 270 true
1266 2671 3724 0 270 true
1266 2667 3727 0 270 true
123 2683 3731 0 134 true
123 2675 3731 0 270 true
1268 2678 3729 0 270 true
1322 2608 3656 0 270 true
1265 2681 3727 0 0 true
5514 2330 3801 0 179 true
5511 2327 3794 0 89 true
5529 2325 3796 0 0 true
5529 2326 3794 0 0 true
5515 2326 3810 0 270 true
5514 2329 3809 0 179 true
5529 2318 3797 0 -71 true
5529 2323 3790 0 270 true
5529 2330 3795 0 0 true
5512 2319 3799 0 179 true
5515 2314 3813 0 270 true
5510 2334 3802 0 224 true
5530 2335 3798 0 270 true
5505 2334 3800 0 0 true
5509 2335 3806 0 89 true
5506 2334 3798 0 0 true
5520 2336 3812 0 270 true
5519 2338 3800 0 270 true
5518 2338 3798 0 270 true
2438 2544 3761 0 270 true
9104 2528 3746 0 89 true
1268 2501 3755 0 270 true
1266 2502 3754 0 270 true
1265 2513 3766 0 242 true
1268 2521 3756 0 89 true
1267 2511 3764 0 262 true
1267 2511 3764 0 270 true
122 2527 3744 0 270 true
9104 2529 3742 0 270 true
2438 2544 3761 0 270 true
2439 2538 3740 0 89 true
2455 2453 10144 0 270 true
2449 2454 10132 0 270 true
2455 2461 10139 0 0 true
2455 2442 10147 0 -36 true
2455 2458 10138 0 134 true
2455 2446 10140 0 44 true
2455 2460 10131 0 224 true
2449 2452 10136 0 270 true
2455 2461 10140 0 0 true
2449 2458 10147 0 270 true
2449 2452 10133 0 270 true
2449 2444 10137 0 270 true
2455 2452 10135 0 89 true
2455 2454 10139 0 179 true
2455 2443 10138 0 179 true
2455 2453 10135 0 0 true
2455 2443 10139 0 179 true
2449 2451 10134 0 270 true
2455 2454 10147 0 -45 true
2455 2451 10135 0 179 true
2455 2445 10136 0 179 true
2449 2458 10148 0 270 true
2455 2448 10141 0 -45 true
2455 2446 10137 0 224 true
2455 2475 10135 0 0 true
2455 2458 10146 0 0 true
2455 2454 10142 0 -20 true
2455 2468 10140 0 179 true
2455 2463 10139 0 -45 true
2455 2458 10127 0 0 true
2455 2464 10140 0 179 true
2449 2452 10133 0 270 true
2455 2470 10132 0 -45 true
2449 2462 10128 0 270 true
1266 2460 10153 0 270 true
2455 2459 10142 0 134 true
2455 2471 10150 0 179 true
2449 2466 10141 0 270 true
1268 2461 10154 0 270 true
2455 2473 10151 0 44 true
2455 2466 10154 0 224 true
2455 2458 10139 0 0 true
2449 2469 10125 0 270 true
2449 2454 10132 0 270 true
2455 2468 10133 0 224 true
2449 2454 10126 0 270 true
2456 2472 10134 0 134 true
2449 2452 10136 0 270 true
2449 2458 10147 0 270 true
2455 2462 10132 0 270 true
2449 2465 10125 0 270 true
2456 2475 10134 0 89 true
2455 2474 10140 0 44 true
2449 2454 10129 0 270 true
2449 2459 10127 0 270 true
2455 2460 10140 0 0 true
2455 2451 10135 0 179 true
2455 2461 10142 0 0 true
2455 2460 10141 0 -49 true
2449 2475 10126 0 270 true
2449 2451 10134 0 270 true
2455 2454 10151 0 224 true
2455 2447 10137 0 44 true
2455 2473 10135 0 0 true
2449 2467 10141 0 270 true
2455 2449 10140 0 89 true
2449 2458 10148 0 270 true
2457 2496 10150 0 134 true
2455 2472 10140 0 0 true
2455 2491 10138 0 0 true
2457 2496 10150 0 134 true
2456 2499 10123 0 179 true
2455 2471 10139 0 0 true
2455 2478 10129 0 0 true
2455 2479 10129 0 0 true
2456 2497 10125 0 270 true
2455 2471 10150 0 179 true
2449 2485 10123 0 270 true
2456 2490 10131 0 44 true
2456 2489 10137 0 0 true
2449 2487 10124 0 270 true
2455 2490 10132 0 89 true
2449 2481 10125 0 270 true
2456 2488 10145 0 89 true
2456 2490 10136 0 -45 true
2456 2498 10124 0 270 true
2455 2487 10137 0 -45 true
2456 2492 10132 0 179 true
2457 2496 10144 0 179 true
2455 2489 10143 0 0 true
2455 2490 10137 0 270 true
2455 2484 10130 0 179 true
2455 2485 10132 0 89 true
2456 2475 10131 0 270 true
2449 2489 10144 0 270 true
2456 2481 10126 0 -45 true
2455 2489 10135 0 270 true
2455 2486 10132 0 179 true
2455 2489 10133 0 89 true
2449 2492 10139 0 270 true
2456 2500 10123 0 179 true
2455 2485 10131 0 179 true
2449 2475 10126 0 270 true
2456 2499 10124 0 179 true
2455 2491 10140 0 44 true
1268 2461 10154 0 270 true
1266 2460 10153 0 270 true
2455 2461 10156 0 134 true
2449 2448 10166 0 270 true
2455 2444 10147 0 134 true
2455 2460 10167 0 134 true
1266 2456 10161 0 270 true
2455 2449 10158 0 12 true
1266 2449 10160 0 270 true
2455 2451 10166 0 179 true
2455 2457 10166 0 0 true
1268 2443 10159 0 270 true
1268 2464 10165 0 270 true
1266 2455 10164 0 270 true
2449 2460 10169 0 270 true
2449 2449 10167 0 270 true
2449 2459 10169 0 270 true
2449 2458 10148 0 270 true
2449 2458 10147 0 270 true
2455 2456 10166 0 44 true
2455 2450 10166 0 224 true
2455 2447 10148 0 270 true
1268 2460 10155 0 270 true
1268 2464 10167 0 270 true
1268 2454 10159 0 270 true
2455 2446 10152 0 56 true
1268 2458 10160 0 270 true
2455 2461 10152 0 -45 true
2455 2458 10159 0 89 true
1266 2460 10153 0 270 true
1266 2451 10165 0 270 true
1268 2443 10158 0 270 true
1268 2449 10164 0 270 true
2455 2449 10149 0 0 true
2455 2452 10152 0 179 true
2449 2447 10164 0 270 true
1268 2461 10154 0 270 true
1266 2459 10166 0 270 true
2455 2441 10149 0 270 true
2455 2453 10166 0 44 true
2455 2453 10151 0 0 true
1266 2442 10159 0 270 true
2456 2474 10160 0 0 true
2450 2478 10158 0 270 true
2450 2477 10158 0 270 true
2453 2432 10104 0 270 true
2454 2477 10158 0 270 true
2454 2478 10158 0 270 true
2457 2500 10145 0 89 true
2457 2501 10146 0 179 true
2457 2501 10144 0 0 true
2455 2479 10156 0 6 true
2449 2485 10168 0 270 true
2455 2477 10157 0 2 true
2455 2487 10166 0 89 true
2457 2501 10148 0 0 true
2455 2501 10146 0 89 true
2456 2482 10153 0 270 true
2457 2500 10148 0 89 true
2455 2473 10148 0 179 true
2456 2480 10147 0 134 true
2453 2501 10163 0 270 true
1268 2472 10162 0 270 true
2453 2498 10166 0 270 true
2456 2474 10160 0 0 true
2449 2492 10155 0 270 true
2454 2477 10158 0 270 true
2455 2474 10151 0 179 true
2455 2478 10153 0 134 true
2455 2499 10162 0 0 true
2455 2501 10159 0 89 true
2455 2472 10156 0 2 true
2455 2478 10166 0 179 true
2454 2478 10156 0 270 true
2455 2477 10148 0 134 true
2449 2489 10144 0 270 true
2455 2482 10145 0 44 true
2457 2501 10144 0 0 true
2455 2481 10155 0 89 true
2451 2477 10158 0 270 true
2455 2479 10166 0 179 true
2455 2485 10163 0 224 true
2451 2478 10158 0 270 true
2449 2474 10159 0 270 true
2455 2492 10162 0 270 true
2455 2473 10147 0 179 true
2455 2480 10156 0 224 true
4243 12466 7767 0 179 true
736 2912 3328 0 270 true
6137 2954 3377 0 270 true
3217 2959 3368 0 0 true
9 2966 3393 0 179 true
3230 2961 3386 0 89 true
3228 2966 3375 0 270 true
3229 2912 3328 0 270 true
526 2957 3386 0 89 true
577 2975 3383 0 89 true
4247 2982 3369 0 224 true
3231 2951 3381 0 89 true
580 2950 3385 0 -45 true
6200 2948 3366 0 270 false
6200 2949 3366 0 89 false
598 2945 3379 0 89 true
3296 2912 3328 0 270 true
708 2931 3353 0 89 true
6997 2912 3328 0 270 true
7275 2931 3368 0 -45 true
//Dagg's (Lighthouse)
1340 2515 10011 0 -26 true
1342 2522 10032 0 198 true
1340 2519 10029 0 63 true
1339 2518 10030 0 26 true
1339 2520 10014 0 142 true
1339 2519 10015 0 270 true
1342 2519 10021 0 -87 true
7355 2534 10030 0 109 true
1338 2526 10027 0 -45 true
1343 2519 10032 0 -18 true
1339 2519 10013 0 89 true
1338 2526 10011 0 195 true
1338 2522 10022 0 134 true
1341 2513 10011 0 251 true
1342 2511 10020 0 270 true
1343 2532 10024 0 -45 true
1340 2523 10012 0 89 true
1340 2515 10011 0 -26 true
1342 2522 10032 0 198 true
1340 2519 10029 0 63 true
1339 2518 10030 0 26 true
1339 2521 10018 0 89 true
1339 2521 10017 0 89 true
1342 2519 10013 0 270 true
7355 2533 10031 0 71 true
1339 2515 10030 0 270 true
1338 2524 10021 0 224 true
1339 2533 10032 0 270 true
1343 2519 10032 0 -18 true
1339 2521 10019 0 89 true
1338 2526 10011 0 195 true
1338 2518 10027 0 -45 true
1341 2513 10011 0 251 true
1342 2511 10019 0 270 true
1343 2535 10022 0 -45 true
1342 2522 10032 0 198 true
1340 2519 10029 0 63 true
1340 2524 10014 0 270 true
1338 2522 10028 0 -45 true
1339 2518 10030 0 26 true
1339 2532 10029 0 270 true
1339 2532 10030 0 270 true
7355 2535 10025 0 108 true
1339 2531 10030 0 -78 true
1338 2529 10021 0 89 true
1343 2533 10027 0 251 true
1339 2532 10031 0 270 true
1341 2524 10015 0 89 true
1341 2514 10014 0 251 true
1338 2518 10027 0 44 true
1340 2522 10017 0 170 true
1338 2519 10024 0 179 true
1339 2521 10018 0 177 true
1339 2518 10030 0 17 true
7355 2531 10023 0 198 true
1340 2519 10029 0 42 true
1338 2514 10012 0 270 true
1339 2520 10019 0 187 true
1342 2522 10031 0 122 true
1338 2512 10016 0 270 true
1340 2514 10012 0 270 true
1343 2528 10022 0 18 true
1339 2520 10020 0 199 true
1341 2516 10016 0 107 true
1339 2512 10017 0 -87 true
//Black Dragons Zanaris
4674 1564 4360 0 -66 true
4676 1552 4360 0 179 true
54 1566 4378 0 270 true
4675 1561 4375 0 89 true
//Traverly Dung
134 2872 9790 0 0 true
134 2878 9809 0 134 true
4705 2872 9785 0 0 true
385 2875 9795 0 89 true
4704 2872 9788 0 179 true
4682 2899 9799 0 0 true
4665 2893 9800 0 -18 true
5332 2883 9813 0 -45 true
5334 2881 9813 0 -45 true
5333 2887 9815 0 270 true
90 2887 9818 0 270 true
49 2832 9744 0 270 true
103 2899 9821 0 44 true
55 2901 9804 0 270 true
61 2832 9744 0 270 true
92 2883 9831 0 0 true
5345 2892 9846 0 -45 true
5342 2902 9818 0 179 true
78 2905 9830 0 224 true
5343 2912 9818 0 179 true
5344 2916 9819 0 179 true
5348 2917 9846 0 89 true
5346 2932 9840 0 44 true
5347 2933 9838 0 44 true
181 2864 9784 0 270 true
5993 2902 9862 0 179 true
5993 2918 9862 0 -45 true
453 2864 9784 0 270 true
179 2864 9784 0 270 true
52 2910 9808 0 270 true
4694 2864 9784 0 270 true
82 2932 9806 0 44 true
127 2864 9784 0 270 true
4696 2935 9798 0 270 true
4697 2939 9795 0 89 true
4695 2932 9792 0 134 true
119 2935 9791 0 44 true
1794 2964 9811 0 179 true
1795 2967 9810 0 270 true
108 2888 9744 0 270 true
4693 2880 9704 0 270 true
4690 2911 9736 0 0 true
117 2914 9735 0 224 true
4691 2905 9739 0 44 true
178 2917 9712 0 89 true
47 2856 9664 0 270 true
118 2928 9703 0 179 true
201 2932 9693 0 224 true
798 2932 9688 0 89 true
12313 2856 9664 0 270 true
12317 2913 9674 0 270 true
200 2892 9680 0 89 true
4689 2856 9664 0 270 true
4666 2914 9802 0 44 true
4683 2906 9805 0 120 true
3503 2880 9744 0 270 true
4681 1015 4520 0 270 true
4684 989 4491 0 270 true
800 2891 9766 0 270 true
800 2890 9766 0 270 true
800 2889 9766 0 270 true
4703 2840 9720 0 270 true
4702 2869 9777 0 89 true
84 2864 9776 0 -45 true
5329 2840 9720 0 270 true
76 2800 9728 0 270 true
5328 2842 9764 0 44 true
5331 2847 9756 0 270 true
54 2808 9768 0 270 true
190 2842 9816 0 0 true
4673 2830 9827 0 89 true
//Abyss
2265 3060 4828 0 270 true
2264 3061 4817 0 89 true
2264 3060 4841 0 179 true
2264 3055 4812 0 0 true
2264 3065 4830 0 89 true
2263 3061 4838 0 179 true
2264 3061 4840 0 0 true
2264 3053 4812 0 224 true
2265 3054 4814 0 224 true
2264 3065 4821 0 270 true
2264 3059 4836 0 179 true
2265 3059 4812 0 0 true
2265 3060 4820 0 179 true
2263 3045 4812 0 44 true
2265 3062 4821 0 89 true
2263 3066 4822 0 0 true
2264 3057 4819 0 179 true
2263 3061 4819 0 0 true
2263 3063 4837 0 89 true
2265 3059 4815 0 179 true
2262 2968 4800 0 270 true

//Dks with maze thing
2456 2497 10131 0 44 true
2456 2492 10130 0 270 true
2455 2494 10133 0 89 true
2456 2505 10123 0 0 true
2455 2489 10130 0 0 true
2455 2503 10125 0 134 true
2455 2501 10144 0 224 true
2455 2477 10139 0 179 true
2455 2492 10131 0 179 true
2456 2485 10144 0 -45 true
2457 2502 10141 0 224 true
2455 2482 10126 0 0 true
2456 2498 10130 0 0 true
2455 2484 10141 0 224 true
2455 2485 10130 0 44 true
2451 2546 10142 0 270 true
2454 2472 10072 0 270 true
2453 2472 10072 0 270 true
2452 2472 10072 0 270 true
2884 1801 4406 0 89 true
2884 1806 4407 0 89 true
2884 1802 4404 0 -45 true
2887 1744 4352 0 270 true
2888 1816 4406 0 0 true
2888 1823 4394 0 44 true
2888 1822 4405 0 89 true
2886 1830 4408 0 270 true
2886 1836 4397 0 270 true
2884 1801 4373 0 236 true
2884 1801 4368 0 134 true
2884 1802 4372 0 213 true
2884 1799 4374 0 270 true
2884 1803 4375 0 44 true
2452 1810 4367 0 -45 true
2452 1802 4368 0 179 true
2452 1813 4366 0 179 true
2452 1811 4368 0 0 true
2887 1825 4382 0 270 true
2888 1837 4374 0 179 true
2887 1852 4385 0 179 true
2888 1852 4386 0 89 true
2887 1864 4383 0 264 true
2887 1865 4383 0 262 true
2888 1851 4388 0 44 true
2890 1905 4402 0 270 true
2890 1890 4395 0 270 true
2889 1889 4407 0 -18 true
2890 1899 4401 0 270 true
2888 1892 4391 0 0 true
2890 1896 4410 0 270 true
2890 1901 4411 0 270 true
2884 1840 4352 0 270 true
2887 1884 4384 0 89 true
2885 1881 4375 0 89 true
2895 2898 4447 0 270 true
2894 2898 4439 0 270 true
2894 2906 4434 0 0 true
2891 2897 4456 0 224 true
2896 2902 4458 0 -45 true
2895 2896 4440 0 179 true
2881 2848 4400 0 270 true
2894 2898 4459 0 89 true
2893 2897 4447 0 0 true
2894 2910 4435 0 89 true
2882 2915 4449 0 134 true
2883 2923 4438 0 44 true
2892 2925 4458 0 224 true
2892 2928 4454 0 270 true
//Chaos Tunnels
1610 3184 5472 0 -45 true
1961 3170 5457 0 0 true
5413 3186 5454 0 89 true
1963 3170 5461 0 270 true
5413 3178 5460 0 89 true
5393 3196 5455 0 89 true
5386 3189 5481 0 179 true
1610 3173 5474 0 270 true
5393 3194 5471 0 89 true
5413 3175 5455 0 224 true
5393 3195 5460 0 224 true
1610 3181 5479 0 179 true
5386 3196 5456 0 270 true
5393 3189 5484 0 270 true
5414 3187 5460 0 89 true
5413 3185 5455 0 270 true
5413 3185 5457 0 224 true
5393 3194 5470 0 0 true
5393 3195 5455 0 270 true
5386 3192 5469 0 89 true
5414 3173 5456 0 89 true
5386 3191 5465 0 179 true
5414 3175 5455 0 134 true
1610 3181 5469 0 0 true
5386 3187 5483 0 44 true
5386 3197 5461 0 89 true
5386 3195 5464 0 179 true
112 3128 5416 0 270 true
4688 3128 5416 0 270 true
7138 3128 5416 0 270 true
1588 3204 5491 0 0 true
190 3158 5501 0 134 true
190 3157 5491 0 224 true
190 3157 5492 0 224 true
190 3157 5495 0 -45 true
1962 3158 5480 0 134 true
1624 3167 5510 0 179 true
4921 3187 5511 0 179 true
4920 3189 5510 0 179 true
110 3206 5511 0 179 true
1587 3209 5482 0 179 true
6364 3216 5479 0 270 true
1586 3128 5416 0 270 true
6363 3212 5470 0 0 true
6363 3219 5487 0 270 true
7139 3223 5471 0 0 true
6368 3211 5463 0 179 true
6368 3221 5464 0 179 true
7140 3207 5458 0 89 true
6367 3209 5462 0 44 true
125 3128 5416 0 270 true
4685 3128 5416 0 270 true
4686 3223 5448 0 89 true
111 3228 5445 0 270 true
111 3205 5445 0 179 true
1644 3168 5400 0 270 true
1647 3239 5454 0 270 true
1643 3241 5446 0 270 true
1645 3242 5448 0 -45 true
1646 3243 5451 0 179 true
1640 3168 5400 0 270 true
1637 3267 5448 0 224 true
1637 3269 5447 0 134 true
134 3267 5462 0 270 true
134 3269 5450 0 224 true
1639 3270 5453 0 134 true
1638 3271 5451 0 224 true
58 3272 5459 0 0 true
2453 3242 5481 0 270 true
2886 3250 5485 0 270 true
2452 3235 5473 0 239 true
1585 3233 5496 0 134 true
2033 3270 5487 0 0 true
6366 3240 5508 0 270 true
1585 3200 5440 0 179 true
6365 3239 5510 0 -45 true
4706 3240 5552 0 179 true
1832 3267 5551 0 89 true
63 3184 5480 0 270 true
5750 3268 5553 0 179 true
5750 3270 5549 0 179 true
2035 3270 5532 0 179 true
1582 3207 5518 0 0 true
1019 3191 5554 0 0 true
1019 3194 5557 0 -45 true
5361 3191 5542 0 0 true